typ,cls,cmd,label
0,3,0,[1, 134, 1],resting
0,3,0,[2, 134, 1],resting
0,6,2,[0, 0],resting
128,6,0,[202, 0, 12, 151, 202, 214, 125, 248, 0, 255, 31, 9, 8, 77, 121, 32, 77, 121, 111, 0, 0, 2, 1, 6, 17, 6, 66, 72, 18, 74, 127, 44, 72, 71, 185, 222, 4, 169, 1, 0, 6, 213],resting
128,4,5,[0, 35, 0, 2, 6, 1, 1, 2, 2, 177, 10],resting
128,4,5,[0, 28, 0, 1, 20, 219, 220, 175, 37, 29, 243, 180, 35, 166, 3, 240, 248, 213, 1, 233, 255, 236, 255, 61, 0],resting
128,4,5,[0, 28, 0, 1, 20, 209, 220, 180, 37, 12, 243, 159, 35, 148, 3, 220, 248, 230, 1, 221, 255, 232, 255, 74, 0],resting
128,4,5,[0, 28, 0, 1, 20, 211, 220, 190, 37, 250, 242, 144, 35, 139, 3, 214, 248, 195, 1, 204, 255, 254, 255, 35, 0],resting
128,4,5,[0, 28, 0, 1, 20, 214, 220, 193, 37, 244, 242, 141, 35, 137, 3, 198, 248, 182, 1, 230, 255, 12, 0, 11, 0],resting
128,4,5,[0, 28, 0, 1, 20, 215, 220, 193, 37, 244, 242, 141, 35, 153, 3, 208, 248, 188, 1, 255, 255, 11, 0, 11, 0],resting
128,4,5,[0, 28, 0, 1, 20, 211, 220, 192, 37, 242, 242, 139, 35, 147, 3, 219, 248, 216, 1, 2, 0, 253, 255, 33, 0],resting
128,4,5,[0, 28, 0, 1, 20, 207, 220, 191, 37, 238, 242, 134, 35, 150, 3, 234, 248, 228, 1, 243, 255, 246, 255, 55, 0],resting
128,4,5,[0, 28, 0, 1, 20, 202, 220, 190, 37, 231, 242, 127, 35, 138, 3, 230, 248, 216, 1, 236, 255, 252, 255, 71, 0],resting
128,4,5,[0, 28, 0, 1, 20, 199, 220, 190, 37, 222, 242, 121, 35, 141, 3, 237, 248, 219, 1, 219, 255, 1, 0, 67, 0],resting
128,4,5,[0, 28, 0, 1, 20, 201, 220, 193, 37, 210, 242, 115, 35, 133, 3, 227, 248, 196, 1, 199, 255, 12, 0, 54, 0],resting
128,4,5,[0, 28, 0, 1, 20, 203, 220, 194, 37, 199, 242, 112, 35, 121, 3, 202, 248, 196, 1, 210, 255, 24, 0, 36, 0],resting
128,4,5,[0, 28, 0, 1, 20, 205, 220, 194, 37, 192, 242, 111, 35, 117, 3, 191, 248, 190, 1, 234, 255, 24, 0, 12, 0],resting
128,4,5,[0, 28, 0, 1, 20, 206, 220, 193, 37, 190, 242, 113, 35, 122, 3, 182, 248, 205, 1, 255, 255, 16, 0, 248, 255],resting
128,4,5,[0, 28, 0, 1, 20, 207, 220, 192, 37, 190, 242, 115, 35, 118, 3, 188, 248, 203, 1, 2, 0, 8, 0, 237, 255],resting
128,4,5,[0, 28, 0, 1, 20, 209, 220, 192, 37, 192, 242, 117, 35, 123, 3, 205, 248, 184, 1, 9, 0, 7, 0, 238, 255],resting
128,4,5,[0, 28, 0, 1, 20, 211, 220, 192, 37, 193, 242, 121, 35, 128, 3, 218, 248, 204, 1, 254, 255, 11, 0, 239, 255],resting
128,4,5,[0, 28, 0, 1, 20, 214, 220, 192, 37, 193, 242, 124, 35, 135, 3, 212, 248, 197, 1, 252, 255, 16, 0, 241, 255],resting
128,4,5,[0, 28, 0, 1, 20, 216, 220, 190, 37, 194, 242, 128, 35, 138, 3, 220, 248, 199, 1, 7, 0, 20, 0, 246, 255],resting
128,4,5,[0, 28, 0, 1, 20, 216, 220, 186, 37, 196, 242, 133, 35, 143, 3, 213, 248, 215, 1, 19, 0, 22, 0, 248, 255],resting
128,4,5,[0, 28, 0, 1, 20, 217, 220, 182, 37, 198, 242, 137, 35, 155, 3, 214, 248, 206, 1, 17, 0, 23, 0, 250, 255],resting
128,4,5,[0, 28, 0, 1, 20, 216, 220, 178, 37, 199, 242, 142, 35, 150, 3, 219, 248, 215, 1, 16, 0, 25, 0, 0, 0],resting
128,4,5,[0, 28, 0, 1, 20, 218, 220, 176, 37, 198, 242, 146, 35, 156, 3, 230, 248, 195, 1, 9, 0, 28, 0, 7, 0],resting
128,4,5,[0, 28, 0, 1, 20, 221, 220, 175, 37, 195, 242, 148, 35, 151, 3, 236, 248, 187, 1, 250, 255, 32, 0, 11, 0],resting
128,4,5,[0, 28, 0, 1, 20, 224, 220, 174, 37, 190, 242, 151, 35, 152, 3, 211, 248, 197, 1, 241, 255, 35, 0, 12, 0],resting
128,4,5,[0, 28, 0, 1, 20, 225, 220, 171, 37, 186, 242, 154, 35, 146, 3, 206, 248, 204, 1, 252, 255, 38, 0, 10, 0],resting
128,4,5,[0, 28, 0, 1, 20, 228, 220, 167, 37, 184, 242, 160, 35, 156, 3, 217, 248, 209, 1, 3, 0, 41, 0, 0, 0],resting
128,4,5,[0, 28, 0, 1, 20, 230, 220, 163, 37, 179, 242, 165, 35, 147, 3, 203, 248, 213, 1, 250, 255, 50, 0, 7, 0],resting
128,4,5,[0, 28, 0, 1, 20, 233, 220, 158, 37, 173, 242, 170, 35, 149, 3, 223, 248, 204, 1, 247, 255, 57, 0, 13, 0],resting
128,4,5,[0, 28, 0, 1, 20, 236, 220, 154, 37, 165, 242, 175, 35, 148, 3, 220, 248, 201, 1, 243, 255, 61, 0, 19, 0],resting
128,4,5,[0, 28, 0, 1, 20, 241, 220, 150, 37, 156, 242, 180, 35, 147, 3, 242, 248, 210, 1, 225, 255, 63, 0, 22, 0],resting
128,4,5,[0, 28, 0, 1, 20, 247, 220, 148, 37, 144, 242, 184, 35, 152, 3, 229, 248, 199, 1, 213, 255, 71, 0, 25, 0],resting
128,4,5,[0, 28, 0, 1, 20, 254, 220, 144, 37, 132, 242, 190, 35, 152, 3, 222, 248, 217, 1, 209, 255, 81, 0, 25, 0],resting
128,4,5,[0, 28, 0, 1, 20, 5, 221, 139, 37, 118, 242, 198, 35, 157, 3, 210, 248, 219, 1, 207, 255, 93, 0, 22, 0],resting
128,4,5,[0, 28, 0, 1, 20, 14, 221, 134, 37, 101, 242, 205, 35, 138, 3, 220, 248, 198, 1, 199, 255, 102, 0, 23, 0],resting
128,4,5,[0, 28, 0, 1, 20, 25, 221, 129, 37, 84, 242, 214, 35, 131, 3, 208, 248, 201, 1, 198, 255, 113, 0, 8, 0],resting
128,4,5,[0, 28, 0, 1, 20, 35, 221, 122, 37, 69, 242, 226, 35, 143, 3, 208, 248, 205, 1, 214, 255, 125, 0, 2, 0],resting
128,4,5,[0, 28, 0, 1, 20, 44, 221, 111, 37, 55, 242, 240, 35, 135, 3, 216, 248, 223, 1, 224, 255, 133, 0, 248, 255],resting
128,4,5,[0, 28, 0, 1, 20, 57, 221, 102, 37, 41, 242, 0, 36, 150, 3, 221, 248, 221, 1, 210, 255, 142, 0, 247, 255],resting
128,4,5,[0, 28, 0, 1, 20, 74, 221, 96, 37, 23, 242, 17, 36, 154, 3, 233, 248, 212, 1, 180, 255, 154, 0, 241, 255],resting
128,4,5,[0, 28, 0, 1, 20, 95, 221, 91, 37, 2, 242, 34, 36, 154, 3, 230, 248, 199, 1, 158, 255, 169, 0, 232, 255],resting
128,4,5,[0, 28, 0, 1, 20, 117, 221, 85, 37, 235, 241, 52, 36, 152, 3, 222, 248, 196, 1, 157, 255, 183, 0, 237, 255],resting
128,4,5,[0, 28, 0, 1, 20, 140, 221, 77, 37, 208, 241, 72, 36, 154, 3, 225, 248, 198, 1, 147, 255, 204, 0, 241, 255],resting
128,4,5,[0, 28, 0, 1, 20, 162, 221, 65, 37, 181, 241, 95, 36, 147, 3, 245, 248, 225, 1, 150, 255, 221, 0, 247, 255],resting
128,4,5,[0, 28, 0, 1, 20, 191, 221, 56, 37, 146, 241, 116, 36, 140, 3, 230, 248, 200, 1, 107, 255, 242, 0, 241, 255],resting
128,4,5,[0, 28, 0, 1, 20, 226, 221, 53, 37, 106, 241, 137, 36, 133, 3, 202, 248, 195, 1, 55, 255, 249, 0, 230, 255],resting
128,4,5,[0, 28, 0, 1, 20, 2, 222, 43, 37, 70, 241, 163, 36, 132, 3, 197, 248, 200, 1, 101, 255, 12, 1, 211, 255],resting
128,4,5,[0, 28, 0, 1, 20, 33, 222, 29, 37, 37, 241, 192, 36, 133, 3, 195, 248, 194, 1, 136, 255, 25, 1, 200, 255],resting
128,4,5,[0, 28, 0, 1, 20, 65, 222, 14, 37, 2, 241, 223, 36, 127, 3, 216, 248, 177, 1, 134, 255, 45, 1, 209, 255],resting
128,4,5,[0, 28, 0, 1, 20, 95, 222, 253, 36, 220, 240, 251, 36, 111, 3, 216, 248, 191, 1, 126, 255, 46, 1, 220, 255],resting
128,4,5,[0, 28, 0, 1, 20, 131, 222, 238, 36, 178, 240, 26, 37, 113, 3, 214, 248, 184, 1, 99, 255, 67, 1, 214, 255],resting
128,4,5,[0, 28, 0, 1, 20, 166, 222, 222, 36, 135, 240, 55, 37, 100, 3, 191, 248, 190, 1, 93, 255, 61, 1, 210, 255],resting
128,4,5,[0, 28, 0, 1, 20, 198, 222, 205, 36, 94, 240, 83, 37, 59, 3, 191, 248, 192, 1, 114, 255, 53, 1, 199, 255],resting
128,4,5,[0, 28, 0, 1, 20, 228, 222, 188, 36, 52, 240, 110, 37, 45, 3, 213, 248, 181, 1, 119, 255, 47, 1, 209, 255],resting
128,4,5,[0, 28, 0, 1, 20, 2, 223, 170, 36, 10, 240, 136, 37, 48, 3, 191, 248, 218, 1, 104, 255, 40, 1, 215, 255],resting
128,4,5,[0, 28, 0, 1, 20, 29, 223, 147, 36, 228, 239, 165, 37, 52, 3, 208, 248, 233, 1, 133, 255, 47, 1, 220, 255],resting
128,4,5,[0, 28, 0, 1, 20, 59, 223, 122, 36, 197, 239, 202, 37, 77, 3, 242, 248, 241, 1, 160, 255, 66, 1, 182, 255],resting
128,4,5,[0, 28, 0, 1, 20, 95, 223, 104, 36, 165, 239, 237, 37, 85, 3, 225, 248, 23, 2, 101, 255, 35, 1, 165, 255],resting
128,4,5,[0, 28, 0, 1, 20, 133, 223, 98, 36, 131, 239, 5, 38, 66, 3, 174, 248, 243, 1, 54, 255, 237, 0, 159, 255],resting
128,4,5,[0, 28, 0, 1, 20, 171, 223, 101, 36, 100, 239, 21, 38, 41, 3, 180, 248, 196, 1, 54, 255, 178, 0, 147, 255],resting
128,4,5,[0, 28, 0, 1, 20, 208, 223, 108, 36, 82, 239, 37, 38, 53, 3, 195, 248, 184, 1, 88, 255, 127, 0, 110, 255],resting
128,4,5,[0, 28, 0, 1, 20, 244, 223, 115, 36, 78, 239, 59, 38, 105, 3, 179, 248, 169, 1, 156, 255, 119, 0, 64, 255],resting
128,4,5,[0, 28, 0, 1, 20, 21, 224, 117, 36, 82, 239, 87, 38, 159, 3, 217, 248, 172, 1, 206, 255, 126, 0, 76, 255],resting
128,4,5,[0, 28, 0, 1, 20, 53, 224, 117, 36, 76, 239, 110, 38, 145, 3, 184, 248, 179, 1, 177, 255, 143, 0, 110, 255],resting
128,4,5,[0, 28, 0, 1, 20, 83, 224, 114, 36, 63, 239, 132, 38, 154, 3, 149, 248, 193, 1, 164, 255, 161, 0, 140, 255],resting
128,4,5,[0, 28, 0, 1, 20, 106, 224, 104, 36, 48, 239, 154, 38, 138, 3, 160, 248, 201, 1, 191, 255, 182, 0, 173, 255],resting
128,4,5,[0, 28, 0, 1, 20, 130, 224, 94, 36, 30, 239, 176, 38, 152, 3, 214, 248, 193, 1, 181, 255, 188, 0, 201, 255],resting
128,4,5,[0, 28, 0, 1, 20, 159, 224, 88, 36, 8, 239, 195, 38, 181, 3, 245, 248, 167, 1, 144, 255, 198, 0, 217, 255],resting
128,4,5,[0, 28, 0, 1, 20, 187, 224, 81, 36, 241, 238, 214, 38, 194, 3, 238, 248, 168, 1, 142, 255, 199, 0, 231, 255],resting
128,4,5,[0, 28, 0, 1, 20, 209, 224, 69, 36, 217, 238, 232, 38, 176, 3, 221, 248, 169, 1, 173, 255, 211, 0, 254, 255],resting
128,4,5,[0, 28, 0, 1, 20, 227, 224, 56, 36, 189, 238, 247, 38, 166, 3, 180, 248, 160, 1, 183, 255, 208, 0, 14, 0],resting
128,4,5,[0, 28, 0, 1, 20, 240, 224, 37, 36, 163, 238, 7, 39, 119, 3, 147, 248, 170, 1, 217, 255, 205, 0, 9, 0],resting
128,4,5,[0, 28, 0, 1, 20, 248, 224, 16, 36, 140, 238, 23, 39, 98, 3, 170, 248, 169, 1, 253, 255, 202, 0, 15, 0],resting
128,4,5,[0, 28, 0, 1, 20, 254, 224, 248, 35, 124, 238, 42, 39, 80, 3, 203, 248, 186, 1, 27, 0, 197, 0, 254, 255],resting
128,4,5,[0, 28, 0, 1, 20, 10, 225, 225, 35, 115, 238, 68, 39, 106, 3, 238, 248, 201, 1, 30, 0, 200, 0, 209, 255],resting
128,4,5,[0, 28, 0, 1, 20, 29, 225, 205, 35, 111, 238, 101, 39, 145, 3, 2, 249, 242, 1, 12, 0, 207, 0, 166, 255],resting
128,4,5,[0, 28, 0, 1, 20, 57, 225, 191, 35, 109, 238, 134, 39, 140, 3, 253, 248, 228, 1, 239, 255, 202, 0, 115, 255],resting
128,4,5,[0, 28, 0, 1, 20, 101, 225, 192, 35, 106, 238, 166, 39, 203, 3, 250, 248, 211, 1, 150, 255, 180, 0, 72, 255],resting
128,4,5,[0, 28, 0, 1, 20, 154, 225, 204, 35, 108, 238, 197, 39, 9, 4, 227, 248, 202, 1, 119, 255, 149, 0, 23, 255],resting
128,4,5,[0, 28, 0, 1, 20, 210, 225, 216, 35, 125, 238, 236, 39, 66, 4, 91, 249, 175, 1, 168, 255, 151, 0, 252, 254],resting
128,4,5,[0, 28, 0, 1, 20, 6, 226, 224, 35, 124, 238, 11, 40, 53, 4, 78, 249, 205, 1, 108, 255, 165, 0, 77, 255],resting
128,4,5,[0, 28, 0, 1, 20, 37, 226, 222, 35, 100, 238, 26, 40, 238, 3, 195, 248, 239, 1, 87, 255, 167, 0, 211, 255],resting
128,4,5,[0, 28, 0, 1, 20, 50, 226, 208, 35, 56, 238, 28, 40, 143, 3, 115, 248, 5, 2, 89, 255, 173, 0, 74, 0],resting
128,4,5,[0, 28, 0, 1, 20, 51, 226, 194, 35, 246, 237, 12, 40, 52, 3, 126, 248, 228, 1, 27, 255, 155, 0, 197, 0],resting
128,4,5,[0, 28, 0, 1, 20, 64, 226, 194, 35, 174, 237, 245, 39, 47, 3, 153, 248, 157, 1, 208, 254, 132, 0, 183, 0],resting
128,4,5,[0, 28, 0, 1, 20, 85, 226, 205, 35, 112, 237, 222, 39, 83, 3, 178, 248, 103, 1, 197, 254, 94, 0, 132, 0],resting
128,4,5,[0, 28, 0, 1, 20, 107, 226, 217, 35, 73, 237, 209, 39, 114, 3, 184, 248, 92, 1, 38, 255, 71, 0, 53, 0],resting
128,4,5,[0, 28, 0, 1, 20, 122, 226, 226, 35, 52, 237, 203, 39, 107, 3, 174, 248, 70, 1, 151, 255, 45, 0, 1, 0],resting
128,4,5,[0, 28, 0, 1, 20, 114, 226, 219, 35, 47, 237, 201, 39, 74, 3, 166, 248, 111, 1, 45, 0, 26, 0, 29, 0],resting
128,4,5,[0, 28, 0, 1, 20, 95, 226, 207, 35, 52, 237, 200, 39, 59, 3, 167, 248, 131, 1, 129, 0, 252, 255, 35, 0],resting
128,4,5,[0, 28, 0, 1, 20, 74, 226, 198, 35, 62, 237, 197, 39, 64, 3, 193, 248, 174, 1, 117, 0, 211, 255, 35, 0],resting
128,4,5,[0, 28, 0, 1, 20, 61, 226, 202, 35, 68, 237, 186, 39, 76, 3, 192, 248, 149, 1, 44, 0, 170, 255, 27, 0],resting
128,4,5,[0, 28, 0, 1, 20, 55, 226, 216, 35, 74, 237, 172, 39, 111, 3, 176, 248, 146, 1, 249, 255, 140, 255, 9, 0],resting
128,4,5,[0, 28, 0, 1, 20, 48, 226, 235, 35, 80, 237, 153, 39, 101, 3, 192, 248, 96, 1, 245, 255, 115, 255, 14, 0],resting
128,4,5,[0, 28, 0, 1, 20, 41, 226, 2, 36, 92, 237, 133, 39, 93, 3, 194, 248, 81, 1, 11, 0, 87, 255, 245, 255],resting
128,4,5,[0, 28, 0, 1, 20, 33, 226, 26, 36, 111, 237, 113, 39, 105, 3, 190, 248, 52, 1, 42, 0, 68, 255, 228, 255],resting
128,4,5,[0, 28, 0, 1, 20, 24, 226, 51, 36, 139, 237, 97, 39, 161, 3, 170, 248, 67, 1, 80, 0, 55, 255, 211, 255],resting
128,4,5,[0, 28, 0, 1, 20, 9, 226, 69, 36, 172, 237, 83, 39, 156, 3, 212, 248, 91, 1, 118, 0, 54, 255, 225, 255],resting
128,4,5,[0, 28, 0, 1, 20, 250, 225, 88, 36, 199, 237, 67, 39, 147, 3, 255, 248, 101, 1, 79, 0, 57, 255, 0, 0],resting
128,4,5,[0, 28, 0, 1, 20, 236, 225, 111, 36, 218, 237, 44, 39, 160, 3, 8, 249, 103, 1, 25, 0, 46, 255, 39, 0],resting
128,4,5,[0, 28, 0, 1, 20, 225, 225, 139, 36, 238, 237, 19, 39, 184, 3, 249, 248, 76, 1, 13, 0, 28, 255, 28, 0],resting
128,4,5,[0, 28, 0, 1, 20, 216, 225, 170, 36, 2, 238, 248, 38, 211, 3, 216, 248, 87, 1, 249, 255, 17, 255, 31, 0],resting
128,4,5,[0, 28, 0, 1, 20, 204, 225, 201, 36, 15, 238, 215, 38, 185, 3, 198, 248, 66, 1, 238, 255, 9, 255, 58, 0],resting
128,4,5,[0, 28, 0, 1, 20, 183, 225, 225, 36, 31, 238, 184, 38, 167, 3, 165, 248, 72, 1, 34, 0, 18, 255, 68, 0],resting
128,4,5,[0, 28, 0, 1, 20, 157, 225, 243, 36, 57, 238, 158, 38, 170, 3, 167, 248, 83, 1, 103, 0, 11, 255, 53, 0],resting
128,4,5,[0, 28, 0, 1, 20, 130, 225, 2, 37, 99, 238, 141, 38, 195, 3, 187, 248, 108, 1, 166, 0, 5, 255, 1, 0],resting
128,4,5,[0, 28, 0, 1, 20, 101, 225, 17, 37, 149, 238, 126, 38, 203, 3, 225, 248, 117, 1, 202, 0, 241, 254, 243, 255],resting
128,4,5,[0, 28, 0, 1, 20, 73, 225, 35, 37, 205, 238, 112, 38, 215, 3, 243, 248, 140, 1, 201, 0, 218, 254, 220, 255],resting
128,4,5,[0, 28, 0, 1, 20, 47, 225, 53, 37, 13, 239, 102, 38, 247, 3, 238, 248, 176, 1, 211, 0, 202, 254, 182, 255],resting
128,4,5,[0, 28, 0, 1, 20, 22, 225, 75, 37, 77, 239, 89, 38, 245, 3, 247, 248, 167, 1, 191, 0, 184, 254, 183, 255],resting
128,4,5,[0, 28, 0, 1, 20, 251, 224, 98, 37, 139, 239, 72, 38, 233, 3, 233, 248, 170, 1, 188, 0, 172, 254, 187, 255],resting
128,4,5,[0, 28, 0, 1, 20, 221, 224, 119, 37, 202, 239, 54, 38, 230, 3, 0, 249, 168, 1, 208, 0, 165, 254, 202, 255],resting
128,4,5,[0, 28, 0, 1, 20, 189, 224, 139, 37, 9, 240, 34, 38, 235, 3, 253, 248, 154, 1, 219, 0, 161, 254, 211, 255],resting
128,4,5,[0, 28, 0, 1, 20, 153, 224, 157, 37, 73, 240, 14, 38, 243, 3, 6, 249, 165, 1, 238, 0, 161, 254, 230, 255],resting
128,4,5,[0, 28, 0, 1, 20, 115, 224, 170, 37, 138, 240, 252, 37, 246, 3, 249, 248, 193, 1, 0, 1, 169, 254, 227, 255],resting
128,4,5,[0, 28, 0, 1, 20, 74, 224, 179, 37, 198, 240, 233, 37, 238, 3, 249, 248, 198, 1, 2, 1, 189, 254, 2, 0],resting
128,4,5,[0, 28, 0, 1, 20, 31, 224, 185, 37, 252, 240, 212, 37, 221, 3, 8, 249, 228, 1, 235, 0, 198, 254, 30, 0],resting
128,4,5,[0, 28, 0, 1, 20, 240, 223, 190, 37, 41, 241, 185, 37, 182, 3, 253, 248, 224, 1, 222, 0, 199, 254, 71, 0],resting
128,4,5,[0, 28, 0, 1, 20, 190, 223, 193, 37, 87, 241, 157, 37, 169, 3, 245, 248, 233, 1, 235, 0, 196, 254, 74, 0],resting
128,4,5,[0, 28, 0, 1, 20, 136, 223, 194, 37, 130, 241, 127, 37, 155, 3, 240, 248, 250, 1, 238, 0, 191, 254, 97, 0],resting
128,4,5,[0, 28, 0, 1, 20, 82, 223, 196, 37, 170, 241, 94, 37, 136, 3, 213, 248, 252, 1, 225, 0, 191, 254, 98, 0],resting
128,4,5,[0, 28, 0, 1, 20, 28, 223, 197, 37, 209, 241, 59, 37, 124, 3, 196, 248, 247, 1, 228, 0, 184, 254, 104, 0],resting
128,4,5,[0, 28, 0, 1, 20, 232, 222, 201, 37, 249, 241, 25, 37, 129, 3, 214, 248, 250, 1, 215, 0, 180, 254, 98, 0],resting
128,4,5,[0, 28, 0, 1, 20, 183, 222, 206, 37, 32, 242, 246, 36, 115, 3, 209, 248, 248, 1, 200, 0, 183, 254, 78, 0],resting
128,4,5,[0, 28, 0, 1, 20, 135, 222, 213, 37, 72, 242, 211, 36, 116, 3, 203, 248, 4, 2, 191, 0, 172, 254, 75, 0],resting
128,4,5,[0, 28, 0, 1, 20, 86, 222, 221, 37, 115, 242, 174, 36, 117, 3, 218, 248, 19, 2, 191, 0, 147, 254, 76, 0],resting
128,4,5,[0, 28, 0, 1, 20, 46, 222, 239, 37, 155, 242, 132, 36, 113, 3, 191, 248, 6, 2, 127, 0, 121, 254, 52, 0],resting
128,4,5,[0, 28, 0, 1, 20, 12, 222, 9, 38, 188, 242, 86, 36, 115, 3, 169, 248, 238, 1, 64, 0, 116, 254, 55, 0],resting
128,4,5,[0, 28, 0, 1, 20, 235, 221, 31, 38, 221, 242, 44, 36, 132, 3, 173, 248, 224, 1, 89, 0, 147, 254, 52, 0],resting
128,4,5,[0, 28, 0, 1, 20, 206, 221, 53, 38, 246, 242, 2, 36, 136, 3, 199, 248, 12, 2, 18, 0, 166, 254, 80, 0],resting
128,4,5,[0, 28, 0, 1, 20, 166, 221, 71, 38, 253, 242, 204, 35, 71, 3, 94, 248, 61, 2, 238, 255, 156, 254, 158, 0],resting
128,4,5,[0, 28, 0, 1, 20, 131, 221, 98, 38, 2, 243, 143, 35, 24, 3, 78, 248, 43, 2, 187, 255, 118, 254, 141, 0],resting
128,4,5,[0, 28, 0, 1, 20, 102, 221, 128, 38, 2, 243, 82, 35, 23, 3, 35, 248, 78, 2, 124, 255, 118, 254, 128, 0],resting
128,4,5,[0, 28, 0, 1, 20, 54, 221, 143, 38, 244, 242, 13, 35, 222, 2, 186, 247, 107, 2, 177, 255, 152, 254, 227, 0],resting
128,4,5,[0, 28, 0, 1, 20, 233, 220, 126, 38, 232, 242, 206, 34, 182, 2, 122, 247, 134, 2, 120, 0, 221, 254, 53, 1],resting
128,4,5,[0, 28, 0, 1, 20, 97, 220, 48, 38, 191, 242, 138, 34, 221, 1, 36, 247, 79, 2, 197, 1, 151, 255, 55, 2],resting
128,4,5,[0, 28, 0, 1, 20, 188, 219, 188, 37, 156, 242, 81, 34, 230, 1, 205, 247, 243, 1, 238, 2, 33, 0, 191, 2],resting
128,4,5,[0, 28, 0, 1, 20, 59, 219, 83, 37, 139, 242, 51, 34, 178, 2, 252, 247, 15, 2, 162, 2, 96, 0, 60, 2],resting
128,4,5,[0, 28, 0, 1, 20, 213, 218, 19, 37, 124, 242, 6, 34, 78, 3, 146, 248, 215, 1, 200, 1, 240, 255, 91, 2],resting
128,4,5,[0, 28, 0, 1, 20, 144, 218, 0, 37, 65, 242, 182, 33, 252, 2, 154, 248, 183, 1, 46, 0, 180, 255, 173, 2],resting
128,4,5,[0, 28, 0, 1, 20, 85, 218, 10, 37, 221, 241, 63, 33, 173, 2, 229, 247, 201, 1, 13, 255, 100, 255, 62, 3],resting
128,4,5,[0, 28, 0, 1, 20, 9, 218, 10, 37, 121, 241, 188, 32, 179, 2, 43, 247, 240, 1, 79, 255, 64, 255, 154, 3],resting
128,4,5,[0, 28, 0, 1, 20, 155, 217, 228, 36, 39, 241, 64, 32, 189, 2, 235, 246, 22, 2, 110, 0, 96, 255, 243, 3],resting
128,4,5,[0, 28, 0, 1, 20, 13, 217, 151, 36, 232, 240, 208, 31, 189, 2, 224, 246, 101, 2, 125, 1, 131, 255, 52, 4],resting
128,4,5,[0, 28, 0, 1, 20, 101, 216, 39, 36, 183, 240, 106, 31, 192, 2, 5, 247, 214, 2, 73, 2, 178, 255, 128, 4],resting
128,4,5,[0, 28, 0, 1, 20, 176, 215, 164, 35, 129, 240, 254, 30, 171, 2, 1, 247, 253, 2, 162, 2, 220, 255, 254, 4],resting
128,4,5,[0, 28, 0, 1, 20, 249, 214, 25, 35, 63, 240, 138, 30, 114, 2, 250, 246, 44, 3, 143, 2, 253, 255, 75, 5],resting
128,4,5,[0, 28, 0, 1, 20, 67, 214, 134, 34, 253, 239, 24, 30, 68, 2, 241, 246, 81, 3, 173, 2, 38, 0, 88, 5],resting
128,4,5,[0, 28, 0, 1, 20, 149, 213, 240, 33, 185, 239, 170, 29, 41, 2, 212, 246, 76, 3, 193, 2, 93, 0, 81, 5],resting
128,4,5,[0, 28, 0, 1, 20, 233, 212, 76, 33, 128, 239, 76, 29, 8, 2, 217, 246, 120, 3, 29, 3, 135, 0, 19, 5],resting
128,4,5,[0, 28, 0, 1, 20, 51, 212, 148, 32, 98, 239, 252, 28, 241, 1, 163, 246, 118, 3, 10, 4, 131, 0, 214, 4],resting
128,4,5,[0, 39, 0, 1, 17, 14, 0, 18, 0, 20, 0, 20, 0, 77, 0, 59, 0, 22, 0, 19, 0, 0],resting
128,4,5,[0, 39, 0, 1, 17, 16, 0, 18, 0, 20, 0, 21, 0, 77, 0, 59, 0, 23, 0, 19, 0, 0],resting
128,4,5,[0, 39, 0, 1, 17, 17, 0, 15, 0, 21, 0, 21, 0, 95, 0, 72, 0, 20, 0, 18, 0, 0],resting
128,4,5,[0, 39, 0, 1, 17, 18, 0, 16, 0, 21, 0, 23, 0, 103, 0, 79, 0, 20, 0, 18, 0, 0],resting
128,4,5,[0, 39, 0, 1, 17, 18, 0, 17, 0, 22, 0, 25, 0, 113, 0, 85, 0, 22, 0, 18, 0, 0],resting
128,4,5,[0, 39, 0, 1, 17, 18, 0, 17, 0, 29, 0, 27, 0, 113, 0, 87, 0, 23, 0, 19, 0, 0],resting
128,4,5,[0, 39, 0, 1, 17, 17, 0, 17, 0, 31, 0, 27, 0, 115, 0, 88, 0, 22, 0, 17, 0, 0],resting
128,4,5,[0, 39, 0, 1, 17, 17, 0, 19, 0, 29, 0, 25, 0, 78, 0, 60, 0, 20, 0, 17, 0, 0],resting
128,4,5,[0, 39, 0, 1, 17, 17, 0, 18, 0, 29, 0, 23, 0, 69, 0, 48, 0, 20, 0, 19, 0, 0],resting
128,4,5,[0, 39, 0, 1, 17, 17, 0, 17, 0, 28, 0, 23, 0, 51, 0, 36, 0, 17, 0, 19, 0, 0],resting
128,4,5,[0, 39, 0, 1, 17, 17, 0, 16, 0, 21, 0, 21, 0, 51, 0, 38, 0, 16, 0, 16, 0, 0],resting
128,4,5,[0, 39, 0, 1, 17, 17, 0, 16, 0, 20, 0, 21, 0, 49, 0, 37, 0, 17, 0, 16, 0, 0],resting
128,4,5,[0, 39, 0, 1, 17, 16, 0, 14, 0, 22, 0, 22, 0, 47, 0, 38, 0, 17, 0, 17, 0, 0],resting
128,4,5,[0, 39, 0, 1, 17, 17, 0, 14, 0, 22, 0, 22, 0, 39, 0, 35, 0, 16, 0, 15, 0, 0],resting
128,4,5,[0, 39, 0, 1, 17, 17, 0, 18, 0, 25, 0, 24, 0, 43, 0, 34, 0, 16, 0, 14, 0, 0],resting
128,4,5,[0, 39, 0, 1, 17, 18, 0, 20, 0, 26, 0, 24, 0, 45, 0, 29, 0, 17, 0, 15, 0, 0],resting
128,4,5,[0, 39, 0, 1, 17, 19, 0, 21, 0, 28, 0, 41, 0, 44, 0, 27, 0, 17, 0, 16, 0, 0],resting
128,4,5,[0, 39, 0, 1, 17, 19, 0, 27, 0, 29, 0, 42, 0, 45, 0, 26, 0, 16, 0, 16, 0, 0],resting
128,4,5,[0, 39, 0, 1, 17, 18, 0, 30, 0, 32, 0, 43, 0, 46, 0, 25, 0, 16, 0, 17, 0, 0],resting
128,4,5,[0, 39, 0, 1, 17, 17, 0, 29, 0, 31, 0, 43, 0, 45, 0, 32, 0, 17, 0, 17, 0, 0],resting
128,4,5,[0, 39, 0, 1, 17, 16, 0, 28, 0, 32, 0, 53, 0, 44, 0, 33, 0, 15, 0, 18, 0, 0],resting
128,4,5,[0, 39, 0, 1, 17, 14, 0, 28, 0, 30, 0, 44, 0, 42, 0, 32, 0, 15, 0, 18, 0, 0],resting
128,4,5,[0, 39, 0, 1, 17, 14, 0, 28, 0, 34, 0, 44, 0, 41, 0, 32, 0, 16, 0, 17, 0, 0],resting
128,4,5,[0, 39, 0, 1, 17, 14, 0, 31, 0, 65, 0, 93, 0, 42, 0, 31, 0, 15, 0, 16, 0, 0],resting
128,4,5,[0, 39, 0, 1, 17, 16, 0, 32, 0, 67, 0, 96, 0, 35, 0, 25, 0, 17, 0, 16, 0, 0],resting
128,4,5,[0, 39, 0, 1, 17, 16, 0, 32, 0, 70, 0, 106, 0, 36, 0, 21, 0, 18, 0, 17, 0, 0],resting
128,4,5,[0, 39, 0, 1, 17, 18, 0, 36, 0, 105, 0, 108, 0, 39, 0, 21, 0, 20, 0, 17, 0, 0],resting
128,4,5,[0, 39, 0, 1, 17, 20, 0, 35, 0, 106, 0, 110, 0, 44, 0, 24, 0, 20, 0, 18, 0, 0],resting
128,4,5,[0, 39, 0, 1, 17, 19, 0, 32, 0, 92, 0, 73, 0, 43, 0, 28, 0, 20, 0, 19, 0, 0],resting
128,4,5,[0, 39, 0, 1, 17, 18, 0, 34, 0, 107, 0, 105, 0, 44, 0, 29, 0, 19, 0, 19, 0, 0],resting
128,4,5,[0, 39, 0, 1, 17, 17, 0, 34, 0, 107, 0, 94, 0, 41, 0, 29, 0, 18, 0, 17, 0, 0],resting
128,4,5,[0, 39, 0, 1, 17, 16, 0, 32, 0, 81, 0, 96, 0, 44, 0, 30, 0, 17, 0, 17, 0, 0],resting
128,4,5,[0, 39, 0, 1, 17, 16, 0, 32, 0, 112, 0, 99, 0, 42, 0, 27, 0, 17, 0, 16, 0, 0],resting
128,4,5,[0, 39, 0, 1, 17, 17, 0, 30, 0, 116, 0, 101, 0, 40, 0, 23, 0, 17, 0, 15, 0, 0],resting
128,4,5,[0, 39, 0, 1, 17, 19, 0, 31, 0, 110, 0, 61, 0, 38, 0, 20, 0, 17, 0, 14, 0, 0],resting
128,4,5,[0, 39, 0, 1, 17, 21, 0, 32, 0, 119, 0, 56, 0, 36, 0, 21, 0, 18, 0, 14, 0, 0],resting
128,4,5,[0, 39, 0, 1, 17, 20, 0, 31, 0, 132, 0, 47, 0, 33, 0, 19, 0, 18, 0, 15, 0, 0],resting
128,4,5,[0, 39, 0, 1, 17, 18, 0, 29, 0, 109, 0, 39, 0, 32, 0, 19, 0, 17, 0, 16, 0, 0],resting
128,4,5,[0, 39, 0, 1, 17, 19, 0, 34, 0, 104, 0, 31, 0, 32, 0, 19, 0, 18, 0, 17, 0, 0],resting
128,4,5,[0, 39, 0, 1, 17, 18, 0, 36, 0, 140, 0, 32, 0, 33, 0, 20, 0, 18, 0, 18, 0, 0],resting
128,4,5,[0, 39, 0, 1, 17, 18, 0, 35, 0, 134, 0, 60, 0, 36, 0, 19, 0, 20, 0, 18, 0, 0],resting
128,4,5,[0, 39, 0, 1, 17, 21, 0, 37, 0, 172, 0, 67, 0, 34, 0, 23, 0, 21, 0, 18, 0, 0],resting
128,4,5,[0, 39, 0, 1, 17, 22, 0, 39, 0, 197, 0, 116, 0, 39, 0, 24, 0, 23, 0, 20, 0, 0],resting
128,4,5,[0, 39, 0, 1, 17, 22, 0, 38, 0, 208, 0, 134, 0, 45, 0, 24, 0, 21, 0, 19, 0, 0],resting
128,4,5,[0, 39, 0, 1, 17, 22, 0, 37, 0, 196, 0, 160, 0, 50, 0, 27, 0, 22, 0, 20, 0, 0],resting
128,4,5,[0, 39, 0, 1, 17, 23, 0, 43, 0, 200, 0, 196, 0, 49, 0, 29, 0, 21, 0, 20, 0, 0],resting
128,4,5,[0, 39, 0, 1, 17, 21, 0, 42, 0, 171, 0, 223, 0, 49, 0, 26, 0, 20, 0, 21, 0, 0],resting
128,4,5,[0, 39, 0, 1, 17, 25, 0, 47, 0, 208, 0, 216, 0, 48, 0, 28, 0, 20, 0, 19, 0, 0],resting
128,4,5,[0, 39, 0, 1, 17, 27, 0, 52, 0, 206, 0, 245, 0, 47, 0, 29, 0, 21, 0, 19, 0, 0],resting
128,4,5,[0, 39, 0, 1, 17, 27, 0, 52, 0, 196, 0, 32, 1, 49, 0, 27, 0, 20, 0, 22, 0, 0],resting
128,4,5,[0, 39, 0, 1, 17, 27, 0, 51, 0, 196, 0, 44, 1, 54, 0, 26, 0, 20, 0, 21, 0, 0],resting
128,4,5,[0, 39, 0, 1, 17, 26, 0, 51, 0, 187, 0, 102, 1, 64, 0, 29, 0, 20, 0, 20, 0, 0],resting
128,4,5,[0, 39, 0, 1, 17, 26, 0, 54, 0, 132, 0, 140, 1, 96, 0, 32, 0, 20, 0, 21, 0, 0],resting
128,4,5,[0, 39, 0, 1, 17, 27, 0, 52, 0, 124, 0, 147, 1, 101, 0, 31, 0, 18, 0, 22, 0, 0],resting
128,4,5,[0, 39, 0, 1, 17, 85, 0, 57, 0, 128, 0, 159, 1, 120, 0, 35, 0, 19, 0, 27, 0, 0],resting
128,4,5,[0, 39, 0, 1, 17, 106, 0, 58, 0, 141, 0, 222, 1, 147, 0, 36, 0, 22, 0, 34, 0, 0],resting
128,4,5,[0, 39, 0, 1, 17, 110, 0, 59, 0, 160, 0, 196, 1, 159, 0, 36, 0, 23, 0, 35, 0, 0],resting
128,4,5,[0, 39, 0, 1, 17, 115, 0, 52, 0, 141, 0, 220, 1, 161, 0, 31, 0, 23, 0, 33, 0, 0],resting
128,4,5,[0, 39, 0, 1, 17, 132, 0, 64, 0, 143, 0, 118, 2, 199, 0, 42, 0, 27, 0, 38, 0, 0],resting
128,4,5,[0, 39, 0, 1, 17, 217, 0, 101, 0, 142, 0, 147, 2, 237, 0, 40, 0, 32, 0, 55, 0, 0],resting
128,4,5,[0, 39, 0, 1, 17, 216, 0, 112, 0, 133, 0, 112, 2, 5, 1, 45, 0, 55, 0, 80, 0, 0],resting
128,4,5,[0, 39, 0, 1, 17, 221, 0, 124, 0, 107, 0, 115, 2, 5, 1, 47, 0, 59, 0, 83, 0, 0],resting
128,4,5,[0, 39, 0, 1, 17, 226, 0, 125, 0, 106, 0, 88, 2, 253, 0, 46, 0, 60, 0, 86, 0, 0],resting
128,4,5,[0, 39, 0, 1, 17, 227, 0, 119, 0, 111, 0, 192, 1, 224, 0, 36, 0, 59, 0, 88, 0, 0],resting
128,4,5,[0, 39, 0, 1, 17, 146, 0, 90, 0, 116, 0, 184, 1, 178, 0, 39, 0, 62, 0, 76, 0, 0],resting
128,4,5,[0, 39, 0, 1, 17, 137, 0, 98, 0, 108, 0, 152, 1, 114, 0, 31, 0, 75, 0, 57, 0, 0],resting
128,4,5,[0, 39, 0, 1, 17, 130, 0, 89, 0, 125, 0, 128, 1, 89, 0, 31, 0, 82, 0, 61, 0, 0],resting
128,4,5,[0, 39, 0, 1, 17, 156, 0, 112, 0, 129, 0, 117, 1, 80, 0, 31, 0, 86, 0, 65, 0, 0],resting
128,4,5,[0, 39, 0, 1, 17, 157, 0, 128, 0, 121, 0, 86, 1, 76, 0, 34, 0, 95, 0, 68, 0, 0],resting
128,4,5,[0, 39, 0, 1, 17, 233, 0, 137, 0, 107, 0, 248, 0, 48, 0, 28, 0, 95, 0, 76, 0, 0],resting
128,4,5,[0, 39, 0, 1, 17, 243, 0, 127, 0, 106, 0, 250, 0, 48, 0, 27, 0, 82, 0, 79, 0, 0],resting
128,4,5,[0, 39, 0, 1, 17, 246, 0, 127, 0, 85, 0, 0, 1, 49, 0, 24, 0, 94, 0, 81, 0, 0],resting
128,4,5,[0, 39, 0, 1, 17, 226, 0, 108, 0, 95, 0, 19, 1, 47, 0, 27, 0, 101, 0, 78, 0, 0],resting
128,4,5,[0, 39, 0, 1, 17, 220, 0, 88, 0, 95, 0, 10, 1, 44, 0, 23, 0, 93, 0, 71, 0, 0],resting
128,4,5,[0, 39, 0, 1, 17, 127, 0, 74, 0, 98, 0, 242, 0, 45, 0, 25, 0, 122, 0, 87, 0, 0],resting
128,4,5,[0, 39, 0, 1, 17, 133, 0, 89, 0, 92, 0, 19, 1, 45, 0, 27, 0, 123, 0, 86, 0, 0],resting
128,4,5,[0, 39, 0, 1, 17, 133, 0, 90, 0, 95, 0, 81, 1, 71, 0, 31, 0, 108, 0, 85, 0, 0],resting
128,4,5,[0, 39, 0, 1, 17, 131, 0, 93, 0, 90, 0, 51, 1, 72, 0, 30, 0, 108, 0, 87, 0, 0],resting
128,4,5,[0, 39, 0, 1, 17, 127, 0, 93, 0, 98, 0, 110, 1, 78, 0, 36, 0, 153, 0, 114, 0, 0],resting
128,4,5,[0, 39, 0, 1, 17, 123, 0, 91, 0, 108, 0, 135, 1, 78, 0, 35, 0, 135, 0, 116, 0, 0],resting
128,4,5,[0, 39, 0, 1, 17, 92, 0, 66, 0, 129, 0, 158, 1, 80, 0, 35, 0, 131, 0, 114, 0, 0],resting
128,4,5,[0, 39, 0, 1, 17, 80, 0, 63, 0, 149, 0, 196, 1, 70, 0, 33, 0, 134, 0, 113, 0, 0],resting
128,4,5,[0, 39, 0, 1, 17, 119, 0, 78, 0, 147, 0, 238, 1, 79, 0, 33, 0, 145, 0, 126, 0, 0],resting
128,4,5,[0, 39, 0, 1, 17, 121, 0, 97, 0, 167, 0, 56, 2, 77, 0, 30, 0, 104, 0, 121, 0, 0],resting
128,4,5,[0, 39, 0, 1, 17, 126, 0, 101, 0, 189, 0, 129, 2, 85, 0, 30, 0, 114, 0, 121, 0, 0],resting
128,4,5,[0, 39, 0, 1, 17, 144, 0, 113, 0, 209, 0, 142, 2, 102, 0, 35, 0, 128, 0, 143, 0, 0],resting
128,4,5,[0, 39, 0, 1, 17, 208, 0, 112, 0, 195, 0, 84, 2, 96, 0, 34, 0, 133, 0, 158, 0, 0],resting
128,4,5,[0, 39, 0, 1, 17, 195, 0, 96, 0, 193, 0, 49, 2, 90, 0, 37, 0, 126, 0, 169, 0, 0],resting
128,4,5,[0, 39, 0, 1, 17, 206, 0, 84, 0, 168, 0, 181, 1, 87, 0, 40, 0, 167, 0, 242, 0, 0],resting
128,4,5,[0, 39, 0, 1, 17, 202, 0, 87, 0, 133, 0, 35, 1, 78, 0, 40, 0, 165, 0, 241, 0, 0],resting
128,4,5,[0, 39, 0, 1, 17, 191, 0, 93, 0, 65, 0, 159, 0, 47, 0, 35, 0, 166, 0, 236, 0, 0],resting
128,4,5,[0, 39, 0, 1, 17, 217, 0, 92, 0, 56, 0, 159, 0, 42, 0, 35, 0, 162, 0, 232, 0, 0],resting
128,4,5,[0, 39, 0, 1, 17, 214, 0, 100, 0, 43, 0, 153, 0, 34, 0, 37, 0, 167, 0, 255, 0, 0],resting
128,4,5,[0, 39, 0, 1, 17, 209, 0, 111, 0, 72, 0, 153, 0, 41, 0, 42, 0, 186, 0, 5, 1, 0],resting
128,4,5,[0, 39, 0, 1, 17, 212, 0, 106, 0, 72, 0, 147, 0, 40, 0, 46, 0, 229, 0, 51, 1, 0],resting
128,4,5,[0, 39, 0, 1, 17, 213, 0, 87, 0, 74, 0, 149, 0, 42, 0, 52, 0, 244, 0, 69, 1, 0],resting
128,4,5,[0, 39, 0, 1, 17, 113, 0, 85, 0, 77, 0, 144, 0, 41, 0, 56, 0, 248, 0, 80, 1, 0],resting
128,4,5,[0, 39, 0, 1, 17, 105, 0, 75, 0, 75, 0, 126, 0, 39, 0, 54, 0, 1, 1, 66, 1, 0],resting
128,4,5,[0, 39, 0, 1, 17, 88, 0, 51, 0, 44, 0, 122, 0, 32, 0, 53, 0, 241, 0, 59, 1, 0],resting
128,4,5,[0, 39, 0, 1, 17, 73, 0, 74, 0, 45, 0, 121, 0, 35, 0, 57, 0, 230, 0, 85, 1, 0],resting
128,4,5,[0, 39, 0, 1, 17, 112, 0, 87, 0, 69, 0, 251, 0, 52, 0, 56, 0, 223, 0, 83, 1, 0],resting
128,4,5,[0, 39, 0, 1, 17, 113, 0, 86, 0, 76, 0, 16, 1, 56, 0, 52, 0, 218, 0, 82, 1, 0],resting
128,4,5,[0, 28, 0, 1, 20, 216, 202, 230, 221, 105, 248, 231, 248, 182, 255, 244, 6, 176, 3, 189, 255, 89, 254, 108, 1],resting
128,4,5,[0, 28, 0, 1, 20, 205, 202, 231, 221, 200, 248, 211, 248, 219, 255, 96, 7, 212, 3, 217, 255, 150, 254, 56, 1],resting
128,4,5,[0, 28, 0, 1, 20, 201, 202, 229, 221, 5, 249, 194, 248, 16, 0, 114, 7, 235, 3, 20, 0, 58, 255, 191, 0],resting
128,4,5,[0, 28, 0, 1, 20, 207, 202, 218, 221, 17, 249, 185, 248, 220, 255, 147, 7, 220, 3, 119, 0, 244, 255, 45, 0],resting
128,4,5,[0, 28, 0, 1, 20, 226, 202, 194, 221, 247, 248, 187, 248, 183, 255, 136, 7, 181, 3, 231, 0, 126, 0, 163, 255],resting
128,4,5,[0, 28, 0, 1, 20, 246, 202, 171, 221, 199, 248, 200, 248, 101, 255, 83, 7, 123, 3, 244, 0, 180, 0, 87, 255],resting
128,4,5,[0, 28, 0, 1, 20, 4, 203, 152, 221, 164, 248, 218, 248, 88, 255, 237, 6, 72, 3, 200, 0, 99, 0, 106, 255],resting
128,4,5,[0, 28, 0, 1, 20, 17, 203, 133, 221, 142, 248, 234, 248, 126, 255, 201, 6, 75, 3, 197, 0, 62, 0, 132, 255],resting
128,4,5,[0, 28, 0, 1, 20, 34, 203, 109, 221, 123, 248, 245, 248, 89, 255, 228, 6, 71, 3, 232, 0, 44, 0, 184, 255],resting
128,4,5,[0, 28, 0, 1, 20, 53, 203, 81, 221, 109, 248, 254, 248, 62, 255, 233, 6, 69, 3, 250, 0, 26, 0, 224, 255],resting
128,4,5,[0, 28, 0, 1, 20, 75, 203, 50, 221, 91, 248, 6, 249, 116, 254, 23, 7, 107, 3, 29, 1, 12, 0, 66, 0],resting
128,4,5,[0, 28, 0, 1, 20, 97, 203, 17, 221, 78, 248, 20, 249, 20, 254, 109, 7, 103, 3, 31, 1, 203, 255, 95, 0],resting
128,4,5,[0, 28, 0, 1, 20, 117, 203, 240, 220, 77, 248, 38, 249, 208, 253, 198, 7, 99, 3, 2, 1, 122, 255, 144, 0],resting
128,4,5,[0, 28, 0, 1, 20, 135, 203, 205, 220, 101, 248, 47, 249, 111, 254, 229, 7, 54, 3, 220, 0, 66, 255, 188, 0],resting
128,4,5,[0, 28, 0, 1, 20, 155, 203, 168, 220, 139, 248, 47, 249, 125, 255, 179, 7, 5, 3, 213, 0, 73, 255, 142, 0],resting
128,4,5,[0, 28, 0, 1, 20, 178, 203, 129, 220, 177, 248, 35, 249, 23, 0, 101, 7, 216, 2, 213, 0, 142, 255, 125, 0],resting
128,4,5,[0, 28, 0, 1, 20, 203, 203, 89, 220, 205, 248, 22, 249, 56, 0, 47, 7, 165, 2, 228, 0, 196, 255, 96, 0],resting
128,4,5,[0, 28, 0, 1, 20, 223, 203, 57, 220, 226, 248, 16, 249, 240, 255, 25, 7, 171, 2, 192, 0, 190, 255, 70, 0],resting
128,4,5,[0, 28, 0, 1, 20, 243, 203, 24, 220, 244, 248, 11, 249, 185, 255, 34, 7, 216, 2, 226, 0, 192, 255, 92, 0],resting
128,4,5,[0, 28, 0, 1, 20, 11, 204, 242, 219, 4, 249, 15, 249, 129, 255, 83, 7, 179, 2, 243, 0, 157, 255, 78, 0],resting
128,4,5,[0, 28, 0, 1, 20, 29, 204, 210, 219, 23, 249, 31, 249, 105, 255, 126, 7, 161, 2, 190, 0, 105, 255, 40, 0],resting
128,4,5,[0, 28, 0, 1, 20, 46, 204, 179, 219, 42, 249, 48, 249, 68, 255, 154, 7, 165, 2, 187, 0, 93, 255, 47, 0],resting
128,4,5,[0, 28, 0, 1, 20, 60, 204, 149, 219, 70, 249, 67, 249, 64, 255, 143, 7, 136, 2, 159, 0, 43, 255, 78, 0],resting
128,4,5,[0, 28, 0, 1, 20, 74, 204, 121, 219, 109, 249, 75, 249, 156, 255, 85, 7, 124, 2, 147, 0, 42, 255, 112, 0],resting
128,4,5,[0, 28, 0, 1, 20, 88, 204, 93, 219, 151, 249, 80, 249, 165, 255, 116, 7, 133, 2, 142, 0, 41, 255, 141, 0],resting
128,4,5,[0, 28, 0, 1, 20, 106, 204, 61, 219, 187, 249, 85, 249, 168, 255, 146, 7, 80, 2, 150, 0, 62, 255, 128, 0],resting
128,4,5,[0, 28, 0, 1, 20, 119, 204, 35, 219, 225, 249, 90, 249, 202, 255, 172, 7, 120, 2, 123, 0, 65, 255, 112, 0],resting
128,4,5,[0, 28, 0, 1, 20, 129, 204, 14, 219, 8, 250, 93, 249, 165, 255, 130, 7, 116, 2, 98, 0, 57, 255, 141, 0],resting
128,4,5,[0, 28, 0, 1, 20, 140, 204, 248, 218, 51, 250, 95, 249, 171, 255, 110, 7, 103, 2, 101, 0, 45, 255, 163, 0],resting
128,4,5,[0, 28, 0, 1, 20, 150, 204, 227, 218, 90, 250, 99, 249, 166, 255, 158, 7, 136, 2, 111, 0, 49, 255, 150, 0],resting
128,4,5,[0, 28, 0, 1, 20, 159, 204, 208, 218, 130, 250, 104, 249, 184, 255, 167, 7, 146, 2, 102, 0, 48, 255, 137, 0],resting
128,4,5,[0, 28, 0, 1, 20, 166, 204, 190, 218, 178, 250, 106, 249, 230, 255, 111, 7, 129, 2, 92, 0, 27, 255, 158, 0],resting
128,4,5,[0, 28, 0, 1, 20, 182, 204, 162, 218, 230, 250, 103, 249, 45, 0, 139, 7, 104, 2, 143, 0, 32, 255, 176, 0],resting
128,4,5,[0, 28, 0, 1, 20, 204, 204, 127, 218, 18, 251, 100, 249, 27, 0, 154, 7, 66, 2, 183, 0, 66, 255, 166, 0],resting
128,4,5,[0, 28, 0, 1, 20, 223, 204, 95, 218, 64, 251, 97, 249, 46, 0, 138, 7, 45, 2, 156, 0, 52, 255, 168, 0],resting
128,4,5,[0, 28, 0, 1, 20, 244, 204, 62, 218, 107, 251, 93, 249, 41, 0, 141, 7, 32, 2, 159, 0, 75, 255, 169, 0],resting
128,4,5,[0, 28, 0, 1, 20, 6, 205, 34, 218, 152, 251, 85, 249, 133, 0, 110, 7, 14, 2, 127, 0, 88, 255, 152, 0],resting
128,4,5,[0, 28, 0, 1, 20, 26, 205, 4, 218, 193, 251, 74, 249, 140, 0, 89, 7, 243, 1, 142, 0, 114, 255, 151, 0],resting
128,4,5,[0, 28, 0, 1, 20, 47, 205, 230, 217, 234, 251, 64, 249, 149, 0, 101, 7, 247, 1, 143, 0, 116, 255, 151, 0],resting
128,4,5,[0, 28, 0, 1, 20, 63, 205, 206, 217, 20, 252, 52, 249, 190, 0, 96, 7, 251, 1, 106, 0, 121, 255, 144, 0],resting
128,4,5,[0, 28, 0, 1, 20, 79, 205, 184, 217, 55, 252, 40, 249, 210, 0, 95, 7, 223, 1, 94, 0, 156, 255, 109, 0],resting
128,4,5,[0, 28, 0, 1, 20, 92, 205, 165, 217, 84, 252, 32, 249, 168, 0, 99, 7, 204, 1, 65, 0, 161, 255, 97, 0],resting
128,4,5,[0, 28, 0, 1, 20, 102, 205, 151, 217, 111, 252, 21, 249, 200, 0, 109, 7, 210, 1, 36, 0, 186, 255, 86, 0],resting
128,4,5,[0, 28, 0, 1, 20, 110, 205, 140, 217, 128, 252, 15, 249, 178, 0, 144, 7, 209, 1, 20, 0, 211, 255, 48, 0],resting
128,4,5,[0, 28, 0, 1, 20, 114, 205, 134, 217, 140, 252, 16, 249, 183, 0, 160, 7, 233, 1, 255, 255, 212, 255, 247, 255],resting
128,4,5,[0, 28, 0, 1, 20, 109, 205, 137, 217, 154, 252, 30, 249, 198, 0, 165, 7, 223, 1, 179, 255, 164, 255, 176, 255],resting
128,4,5,[0, 28, 0, 1, 20, 98, 205, 144, 217, 170, 252, 58, 249, 22, 1, 171, 7, 3, 2, 166, 255, 121, 255, 79, 255],resting
128,4,5,[0, 28, 0, 1, 20, 79, 205, 163, 217, 182, 252, 90, 249, 66, 1, 119, 7, 26, 2, 100, 255, 139, 255, 11, 255],resting
128,4,5,[0, 28, 0, 1, 20, 53, 205, 191, 217, 177, 252, 128, 249, 252, 0, 51, 7, 48, 2, 74, 255, 182, 255, 211, 254],resting
128,4,5,[0, 28, 0, 1, 20, 38, 205, 205, 217, 157, 252, 179, 249, 141, 0, 58, 7, 71, 2, 185, 255, 193, 255, 168, 254],resting
128,4,5,[0, 28, 0, 1, 20, 23, 205, 218, 217, 129, 252, 231, 249, 36, 0, 77, 7, 118, 2, 222, 255, 204, 255, 184, 254],resting
128,4,5,[0, 28, 0, 1, 20, 15, 205, 221, 217, 108, 252, 38, 250, 209, 255, 100, 7, 62, 2, 253, 255, 126, 255, 199, 254],resting
128,4,5,[0, 28, 0, 1, 20, 1, 205, 227, 217, 110, 252, 123, 250, 222, 255, 185, 7, 77, 2, 207, 255, 206, 254, 162, 254],resting
128,4,5,[0, 28, 0, 1, 20, 232, 204, 244, 217, 135, 252, 228, 250, 37, 0, 182, 7, 102, 2, 129, 255, 51, 254, 98, 254],resting
128,4,5,[0, 28, 0, 1, 20, 195, 204, 21, 218, 160, 252, 77, 251, 123, 0, 45, 7, 147, 2, 58, 255, 75, 254, 40, 254],resting
128,4,5,[0, 28, 0, 1, 20, 172, 204, 41, 218, 160, 252, 183, 251, 38, 0, 223, 6, 171, 2, 194, 255, 166, 254, 250, 253],resting
128,4,5,[0, 28, 0, 1, 20, 162, 204, 42, 218, 146, 252, 46, 252, 183, 255, 47, 7, 152, 2, 51, 0, 175, 254, 209, 253],resting
128,4,5,[0, 28, 0, 1, 20, 150, 204, 47, 218, 139, 252, 173, 252, 63, 255, 108, 7, 159, 2, 23, 0, 98, 254, 239, 253],resting
128,4,5,[0, 28, 0, 1, 20, 135, 204, 57, 218, 143, 252, 47, 253, 248, 254, 159, 7, 179, 2, 240, 255, 33, 254, 39, 254],resting
128,4,5,[0, 35, 0, 2, 6, 3, 0, 0, 0, 0, 0],resting
128,4,5,[0, 39, 0, 1, 17, 48, 0, 19, 0, 50, 0, 210, 0, 33, 0, 17, 0, 32, 0, 74, 0, 0],resting
128,4,5,[0, 39, 0, 1, 17, 48, 0, 18, 0, 37, 0, 183, 0, 27, 0, 16, 0, 29, 0, 65, 0, 0],resting
128,4,5,[0, 39, 0, 1, 17, 49, 0, 21, 0, 36, 0, 164, 0, 24, 0, 15, 0, 25, 0, 61, 0, 0],resting
128,4,5,[0, 39, 0, 1, 17, 40, 0, 20, 0, 33, 0, 150, 0, 23, 0, 16, 0, 24, 0, 57, 0, 0],resting
128,4,5,[0, 39, 0, 1, 17, 28, 0, 19, 0, 24, 0, 79, 0, 19, 0, 15, 0, 23, 0, 59, 0, 0],resting
128,4,5,[0, 39, 0, 1, 17, 27, 0, 19, 0, 22, 0, 61, 0, 17, 0, 15, 0, 23, 0, 58, 0, 0],resting
128,4,5,[0, 39, 0, 1, 17, 30, 0, 19, 0, 20, 0, 40, 0, 17, 0, 16, 0, 25, 0, 66, 0, 0],resting
128,4,5,[0, 39, 0, 1, 17, 33, 0, 19, 0, 19, 0, 32, 0, 16, 0, 16, 0, 25, 0, 68, 0, 0],resting
128,4,5,[0, 39, 0, 1, 17, 36, 0, 20, 0, 19, 0, 29, 0, 16, 0, 17, 0, 24, 0, 67, 0, 0],resting
128,4,5,[0, 39, 0, 1, 17, 37, 0, 20, 0, 19, 0, 22, 0, 14, 0, 17, 0, 23, 0, 62, 0, 0],resting
128,4,5,[0, 39, 0, 1, 17, 36, 0, 20, 0, 19, 0, 21, 0, 19, 0, 17, 0, 24, 0, 67, 0, 0],resting
128,4,5,[0, 39, 0, 1, 17, 35, 0, 19, 0, 19, 0, 20, 0, 19, 0, 17, 0, 21, 0, 59, 0, 0],resting
128,4,5,[0, 39, 0, 1, 17, 26, 0, 18, 0, 16, 0, 20, 0, 19, 0, 17, 0, 22, 0, 52, 0, 0],resting
128,4,5,[0, 39, 0, 1, 17, 21, 0, 18, 0, 16, 0, 18, 0, 20, 0, 17, 0, 23, 0, 51, 0, 0],resting
128,4,5,[0, 39, 0, 1, 17, 20, 0, 17, 0, 15, 0, 17, 0, 20, 0, 17, 0, 23, 0, 51, 0, 0],resting
128,4,5,[0, 39, 0, 1, 17, 23, 0, 18, 0, 16, 0, 16, 0, 16, 0, 18, 0, 23, 0, 48, 0, 0],resting
128,4,5,[0, 39, 0, 1, 17, 22, 0, 17, 0, 16, 0, 15, 0, 18, 0, 17, 0, 22, 0, 49, 0, 0],resting
128,4,5,[0, 39, 0, 1, 17, 22, 0, 17, 0, 18, 0, 14, 0, 17, 0, 17, 0, 25, 0, 51, 0, 0],resting
128,4,5,[0, 39, 0, 1, 17, 20, 0, 16, 0, 18, 0, 15, 0, 18, 0, 16, 0, 24, 0, 45, 0, 0],resting
128,4,5,[0, 39, 0, 1, 17, 21, 0, 18, 0, 20, 0, 15, 0, 19, 0, 18, 0, 25, 0, 46, 0, 0],resting
128,4,5,[0, 39, 0, 1, 17, 19, 0, 19, 0, 22, 0, 15, 0, 19, 0, 17, 0, 24, 0, 41, 0, 0],resting
128,4,5,[0, 39, 0, 1, 17, 17, 0, 19, 0, 22, 0, 15, 0, 18, 0, 17, 0, 24, 0, 44, 0, 0],resting
128,4,5,[0, 39, 0, 1, 17, 17, 0, 21, 0, 21, 0, 17, 0, 17, 0, 15, 0, 24, 0, 45, 0, 0],resting
128,4,5,[0, 39, 0, 1, 17, 17, 0, 22, 0, 22, 0, 18, 0, 17, 0, 17, 0, 22, 0, 46, 0, 0],resting
128,4,5,[0, 39, 0, 1, 17, 16, 0, 21, 0, 21, 0, 17, 0, 16, 0, 15, 0, 21, 0, 43, 0, 0],resting
128,4,5,[0, 39, 0, 1, 17, 18, 0, 21, 0, 22, 0, 18, 0, 16, 0, 15, 0, 22, 0, 48, 0, 0],resting
128,4,5,[0, 39, 0, 1, 17, 21, 0, 21, 0, 22, 0, 18, 0, 14, 0, 15, 0, 22, 0, 46, 0, 0],resting
128,4,5,[0, 39, 0, 1, 17, 21, 0, 19, 0, 23, 0, 17, 0, 17, 0, 17, 0, 19, 0, 42, 0, 0],resting
128,4,5,[0, 39, 0, 1, 17, 22, 0, 20, 0, 22, 0, 17, 0, 18, 0, 17, 0, 21, 0, 49, 0, 0],resting
128,4,5,[0, 39, 0, 1, 17, 24, 0, 20, 0, 20, 0, 17, 0, 18, 0, 17, 0, 22, 0, 48, 0, 0],resting
128,4,5,[0, 39, 0, 1, 17, 27, 0, 19, 0, 17, 0, 15, 0, 18, 0, 17, 0, 20, 0, 51, 0, 0],resting
128,4,5,[0, 39, 0, 1, 17, 29, 0, 19, 0, 20, 0, 14, 0, 18, 0, 17, 0, 21, 0, 52, 0, 0],resting
128,4,5,[0, 39, 0, 1, 17, 30, 0, 20, 0, 18, 0, 14, 0, 17, 0, 15, 0, 24, 0, 59, 0, 0],resting
128,4,5,[0, 39, 0, 1, 17, 33, 0, 19, 0, 19, 0, 15, 0, 15, 0, 14, 0, 24, 0, 64, 0, 0],resting
128,4,5,[0, 39, 0, 1, 17, 33, 0, 19, 0, 21, 0, 15, 0, 15, 0, 15, 0, 21, 0, 73, 0, 0],resting
128,4,5,[0, 39, 0, 1, 17, 30, 0, 19, 0, 21, 0, 16, 0, 15, 0, 15, 0, 24, 0, 73, 0, 0],resting
128,4,5,[0, 39, 0, 1, 17, 35, 0, 18, 0, 20, 0, 17, 0, 16, 0, 17, 0, 25, 0, 79, 0, 0],resting
128,4,5,[0, 39, 0, 1, 17, 36, 0, 17, 0, 20, 0, 17, 0, 17, 0, 18, 0, 22, 0, 77, 0, 0],resting
128,4,5,[0, 39, 0, 1, 17, 36, 0, 18, 0, 18, 0, 17, 0, 19, 0, 18, 0, 24, 0, 76, 0, 0],resting
128,4,5,[0, 39, 0, 1, 17, 40, 0, 17, 0, 17, 0, 17, 0, 19, 0, 18, 0, 25, 0, 68, 0, 0],resting
128,4,5,[0, 39, 0, 1, 17, 40, 0, 18, 0, 16, 0, 17, 0, 20, 0, 19, 0, 22, 0, 65, 0, 0],resting
128,4,5,[0, 39, 0, 1, 17, 32, 0, 18, 0, 15, 0, 17, 0, 20, 0, 17, 0, 21, 0, 60, 0, 0],resting
128,4,5,[0, 39, 0, 1, 17, 38, 0, 28, 0, 16, 0, 16, 0, 19, 0, 18, 0, 23, 0, 69, 0, 0],resting
128,4,5,[0, 39, 0, 1, 17, 42, 0, 31, 0, 16, 0, 15, 0, 17, 0, 19, 0, 20, 0, 74, 0, 0],resting
128,4,5,[0, 39, 0, 1, 17, 58, 0, 49, 0, 21, 0, 15, 0, 20, 0, 21, 0, 25, 0, 107, 0, 0],resting
128,4,5,[0, 39, 0, 1, 17, 59, 0, 67, 0, 29, 0, 16, 0, 21, 0, 24, 0, 25, 0, 108, 0, 0],resting
128,4,5,[0, 39, 0, 1, 17, 63, 0, 73, 0, 31, 0, 17, 0, 20, 0, 24, 0, 25, 0, 113, 0, 0],resting
128,4,5,[0, 39, 0, 1, 17, 59, 0, 72, 0, 32, 0, 17, 0, 21, 0, 24, 0, 27, 0, 106, 0, 0],resting
128,4,5,[0, 39, 0, 1, 17, 55, 0, 72, 0, 33, 0, 18, 0, 21, 0, 25, 0, 27, 0, 106, 0, 0],resting
128,4,5,[0, 39, 0, 1, 17, 38, 0, 64, 0, 31, 0, 20, 0, 18, 0, 23, 0, 25, 0, 79, 0, 0],resting
128,4,5,[0, 39, 0, 1, 17, 39, 0, 59, 0, 26, 0, 21, 0, 16, 0, 19, 0, 25, 0, 76, 0, 0],resting
128,4,5,[0, 39, 0, 1, 17, 33, 0, 52, 0, 24, 0, 21, 0, 16, 0, 18, 0, 24, 0, 66, 0, 0],resting
128,4,5,[0, 39, 0, 1, 17, 33, 0, 50, 0, 22, 0, 21, 0, 16, 0, 17, 0, 21, 0, 65, 0, 0],resting
128,4,5,[0, 39, 0, 1, 17, 32, 0, 49, 0, 22, 0, 20, 0, 17, 0, 15, 0, 22, 0, 55, 0, 0],resting
128,4,5,[0, 39, 0, 1, 17, 24, 0, 44, 0, 22, 0, 19, 0, 16, 0, 16, 0, 23, 0, 47, 0, 0],resting
128,4,5,[0, 39, 0, 1, 17, 23, 0, 21, 0, 21, 0, 17, 0, 16, 0, 17, 0, 24, 0, 50, 0, 0],resting
128,4,5,[0, 39, 0, 1, 17, 34, 0, 31, 0, 20, 0, 17, 0, 17, 0, 18, 0, 25, 0, 59, 0, 0],resting
128,4,5,[0, 39, 0, 1, 17, 35, 0, 59, 0, 21, 0, 15, 0, 17, 0, 18, 0, 25, 0, 59, 0, 0],resting
128,4,5,[0, 39, 0, 1, 17, 35, 0, 63, 0, 24, 0, 16, 0, 16, 0, 17, 0, 24, 0, 66, 0, 0],resting
128,4,5,[0, 39, 0, 1, 17, 36, 0, 64, 0, 23, 0, 16, 0, 17, 0, 16, 0, 23, 0, 65, 0, 0],resting
128,4,5,[0, 39, 0, 1, 17, 38, 0, 65, 0, 23, 0, 15, 0, 18, 0, 23, 0, 79, 0, 80, 0, 0],resting
128,4,5,[0, 39, 0, 1, 17, 37, 0, 66, 0, 27, 0, 17, 0, 19, 0, 31, 0, 137, 0, 105, 0, 0],resting
128,4,5,[0, 39, 0, 1, 17, 38, 0, 45, 0, 27, 0, 19, 0, 21, 0, 32, 0, 145, 0, 114, 0, 0],resting
128,4,5,[0, 39, 0, 1, 17, 37, 0, 39, 0, 24, 0, 19, 0, 21, 0, 32, 0, 149, 0, 110, 0, 0],resting
128,4,5,[0, 39, 0, 1, 17, 37, 0, 40, 0, 25, 0, 20, 0, 21, 0, 32, 0, 150, 0, 110, 0, 0],resting
128,4,5,[0, 39, 0, 1, 17, 33, 0, 52, 0, 25, 0, 21, 0, 21, 0, 29, 0, 133, 0, 99, 0, 0],resting
128,4,5,[0, 39, 0, 1, 17, 22, 0, 46, 0, 21, 0, 19, 0, 19, 0, 22, 0, 72, 0, 66, 0, 0],resting
128,4,5,[0, 39, 0, 1, 17, 19, 0, 44, 0, 19, 0, 19, 0, 18, 0, 20, 0, 55, 0, 49, 0, 0],resting
128,4,5,[0, 39, 0, 1, 17, 20, 0, 45, 0, 17, 0, 18, 0, 18, 0, 20, 0, 44, 0, 49, 0, 0],resting
128,4,5,[0, 39, 0, 1, 17, 18, 0, 44, 0, 17, 0, 19, 0, 18, 0, 20, 0, 38, 0, 47, 0, 0],resting
128,4,5,[0, 39, 0, 1, 17, 18, 0, 25, 0, 15, 0, 20, 0, 17, 0, 19, 0, 27, 0, 50, 0, 0],resting
128,4,5,[0, 39, 0, 1, 17, 16, 0, 25, 0, 14, 0, 20, 0, 18, 0, 18, 0, 23, 0, 45, 0, 0],resting
128,4,5,[0, 39, 0, 1, 17, 15, 0, 26, 0, 16, 0, 20, 0, 22, 0, 18, 0, 22, 0, 45, 0, 0],resting
128,4,5,[0, 39, 0, 1, 17, 17, 0, 30, 0, 19, 0, 63, 0, 21, 0, 17, 0, 21, 0, 36, 0, 0],resting
128,4,5,[0, 39, 0, 1, 17, 18, 0, 33, 0, 20, 0, 75, 0, 28, 0, 20, 0, 23, 0, 44, 0, 0],resting
128,4,5,[0, 39, 0, 1, 17, 18, 0, 33, 0, 22, 0, 177, 0, 34, 0, 19, 0, 23, 0, 43, 0, 0],resting
128,4,5,[0, 39, 0, 1, 17, 20, 0, 32, 0, 23, 0, 192, 0, 35, 0, 18, 0, 22, 0, 51, 0, 0],resting
128,4,5,[0, 39, 0, 1, 17, 31, 0, 57, 0, 25, 0, 204, 0, 35, 0, 18, 0, 22, 0, 50, 0, 0],resting
128,4,5,[0, 39, 0, 1, 17, 34, 0, 56, 0, 27, 0, 212, 0, 36, 0, 18, 0, 23, 0, 50, 0, 0],resting
128,4,5,[0, 39, 0, 1, 17, 46, 0, 55, 0, 28, 0, 234, 0, 34, 0, 16, 0, 24, 0, 45, 0, 0],resting
128,4,5,[0, 39, 0, 1, 17, 49, 0, 57, 0, 28, 0, 176, 0, 30, 0, 16, 0, 23, 0, 38, 0, 0],resting
128,4,5,[0, 39, 0, 1, 17, 48, 0, 57, 0, 29, 0, 166, 0, 40, 0, 17, 0, 21, 0, 40, 0, 0],resting
128,4,5,[0, 39, 0, 1, 17, 43, 0, 34, 0, 31, 0, 183, 0, 47, 0, 24, 0, 21, 0, 40, 0, 0],resting
128,4,5,[0, 39, 0, 1, 17, 40, 0, 32, 0, 30, 0, 172, 0, 48, 0, 24, 0, 21, 0, 43, 0, 0],resting
128,4,5,[0, 39, 0, 1, 17, 26, 0, 30, 0, 30, 0, 138, 0, 47, 0, 23, 0, 18, 0, 44, 0, 0],resting
128,4,5,[0, 39, 0, 1, 17, 22, 0, 28, 0, 29, 0, 131, 0, 46, 0, 44, 0, 27, 0, 50, 0, 0],resting
128,4,5,[0, 39, 0, 1, 17, 22, 0, 29, 0, 28, 0, 124, 0, 38, 0, 49, 0, 40, 0, 43, 0, 0],resting
128,4,5,[0, 39, 0, 1, 17, 24, 0, 35, 0, 25, 0, 72, 0, 30, 0, 94, 0, 71, 0, 46, 0, 0],resting
128,4,5,[0, 39, 0, 1, 17, 31, 0, 38, 0, 27, 0, 48, 0, 40, 0, 139, 0, 181, 0, 71, 0, 0],resting
128,4,5,[0, 39, 0, 1, 17, 34, 0, 55, 0, 28, 0, 43, 0, 43, 0, 151, 0, 197, 0, 76, 0, 0],resting
128,4,5,[0, 39, 0, 1, 17, 35, 0, 64, 0, 35, 0, 68, 0, 45, 0, 152, 0, 199, 0, 76, 0, 0],resting
128,4,5,[0, 39, 0, 1, 17, 40, 0, 82, 0, 37, 0, 76, 0, 55, 0, 154, 0, 203, 0, 79, 0, 0],resting
128,4,5,[0, 39, 0, 1, 17, 61, 0, 144, 0, 67, 0, 88, 0, 57, 0, 134, 0, 197, 0, 84, 0, 0],resting
128,4,5,[0, 39, 0, 1, 17, 83, 0, 209, 0, 82, 0, 89, 0, 82, 0, 226, 0, 163, 0, 65, 0, 0],resting
128,4,5,[0, 39, 0, 1, 17, 88, 0, 237, 0, 95, 0, 105, 0, 100, 0, 229, 0, 163, 0, 61, 0, 0],resting
128,4,5,[0, 39, 0, 1, 17, 92, 0, 8, 1, 106, 0, 138, 0, 141, 0, 244, 0, 172, 0, 64, 0, 0],resting
128,4,5,[0, 39, 0, 1, 17, 97, 0, 21, 1, 188, 0, 196, 0, 160, 0, 12, 1, 168, 0, 70, 0, 0],resting
128,4,5,[0, 39, 0, 1, 17, 91, 0, 20, 1, 196, 0, 206, 0, 170, 0, 14, 1, 167, 0, 68, 0, 0],resting
128,4,5,[0, 39, 0, 1, 17, 78, 0, 44, 1, 204, 0, 220, 0, 175, 0, 184, 0, 113, 0, 68, 0, 0],resting
128,4,5,[0, 39, 0, 1, 17, 92, 0, 95, 1, 212, 0, 112, 1, 195, 0, 190, 0, 93, 0, 81, 0, 0],resting
128,4,5,[0, 39, 0, 1, 17, 194, 0, 167, 1, 31, 1, 163, 1, 214, 0, 169, 0, 72, 0, 102, 0, 0],resting
128,4,5,[0, 39, 0, 1, 17, 209, 0, 223, 1, 47, 1, 158, 1, 251, 0, 153, 0, 69, 0, 122, 0, 0],resting
128,4,5,[0, 39, 0, 1, 17, 214, 0, 226, 1, 62, 1, 173, 1, 3, 1, 157, 0, 69, 0, 134, 0, 0],resting
128,4,5,[0, 39, 0, 1, 17, 1, 1, 216, 1, 57, 1, 199, 1, 89, 1, 157, 0, 85, 0, 193, 0, 0],resting
128,4,5,[0, 39, 0, 1, 17, 36, 1, 176, 1, 55, 1, 96, 1, 208, 1, 184, 0, 98, 0, 204, 0, 0],resting
128,4,5,[0, 39, 0, 1, 17, 248, 0, 136, 1, 246, 0, 29, 1, 207, 1, 200, 0, 101, 0, 203, 0, 0],resting
128,4,5,[0, 39, 0, 1, 17, 244, 0, 82, 1, 201, 0, 23, 1, 238, 1, 238, 0, 109, 0, 194, 0, 0],resting
128,4,5,[0, 28, 0, 1, 20, 102, 213, 193, 31, 25, 245, 248, 33, 121, 5, 145, 242, 70, 7, 170, 2, 88, 0, 121, 3],resting
128,4,5,[0, 28, 0, 1, 20, 169, 212, 5, 31, 87, 245, 202, 33, 109, 1, 33, 251, 25, 4, 187, 4, 205, 255, 199, 2],resting
128,4,5,[0, 28, 0, 1, 20, 124, 212, 230, 30, 114, 245, 182, 33, 72, 1, 135, 251, 131, 3, 190, 0, 95, 255, 137, 0],resting
128,4,5,[0, 28, 0, 1, 20, 165, 212, 41, 31, 137, 245, 180, 33, 50, 3, 204, 249, 108, 3, 228, 254, 75, 255, 134, 255],resting
128,4,5,[0, 28, 0, 1, 20, 193, 212, 70, 31, 169, 245, 198, 33, 183, 2, 97, 249, 219, 2, 23, 0, 183, 255, 37, 255],resting
128,4,5,[0, 28, 0, 1, 20, 223, 212, 78, 31, 204, 245, 240, 33, 5, 2, 110, 249, 148, 2, 162, 0, 9, 0, 115, 254],resting
128,4,5,[0, 28, 0, 1, 20, 248, 212, 88, 31, 228, 245, 13, 34, 66, 2, 71, 248, 181, 2, 193, 0, 15, 0, 180, 254],resting
128,4,5,[0, 28, 0, 1, 20, 216, 212, 43, 31, 3, 246, 24, 34, 179, 2, 9, 248, 69, 3, 0, 2, 55, 0, 228, 255],resting
128,4,5,[0, 28, 0, 1, 20, 132, 212, 198, 30, 40, 246, 20, 34, 88, 2, 56, 249, 182, 3, 246, 2, 81, 0, 235, 0],resting
128,4,5,[0, 35, 0, 2, 6, 3, 0, 0, 0, 0, 0],resting
128,4,5,[0, 39, 0, 1, 17, 105, 0, 100, 0, 48, 0, 44, 0, 59, 0, 33, 0, 35, 0, 76, 0, 0],resting
128,4,5,[0, 39, 0, 1, 17, 80, 0, 91, 0, 38, 0, 36, 0, 35, 0, 28, 0, 30, 0, 75, 0, 0],resting
128,4,5,[0, 39, 0, 1, 17, 76, 0, 75, 0, 27, 0, 30, 0, 26, 0, 28, 0, 28, 0, 68, 0, 0],resting
128,4,5,[0, 39, 0, 1, 17, 47, 0, 60, 0, 25, 0, 27, 0, 23, 0, 26, 0, 26, 0, 57, 0, 0],resting
128,4,5,[0, 39, 0, 1, 17, 33, 0, 47, 0, 23, 0, 24, 0, 22, 0, 26, 0, 26, 0, 65, 0, 0],resting
128,4,5,[0, 39, 0, 1, 17, 29, 0, 39, 0, 24, 0, 19, 0, 19, 0, 22, 0, 25, 0, 63, 0, 0],resting
128,4,5,[0, 39, 0, 1, 17, 26, 0, 30, 0, 22, 0, 19, 0, 18, 0, 22, 0, 32, 0, 69, 0, 0],resting
128,4,5,[0, 39, 0, 1, 17, 21, 0, 24, 0, 20, 0, 37, 0, 18, 0, 23, 0, 71, 0, 92, 0, 0],resting
128,4,5,[0, 39, 0, 1, 17, 21, 0, 22, 0, 24, 0, 97, 0, 21, 0, 25, 0, 77, 0, 94, 0, 0],resting
128,4,5,[0, 39, 0, 1, 17, 21, 0, 30, 0, 66, 0, 20, 1, 54, 0, 27, 0, 79, 0, 88, 0, 0],resting
128,4,5,[0, 39, 0, 1, 17, 22, 0, 30, 0, 72, 0, 45, 1, 58, 0, 28, 0, 82, 0, 102, 0, 0],resting
128,4,5,[0, 39, 0, 1, 17, 24, 0, 31, 0, 74, 0, 50, 1, 58, 0, 29, 0, 104, 0, 136, 0, 0],resting
128,4,5,[0, 39, 0, 1, 17, 27, 0, 33, 0, 80, 0, 80, 1, 64, 0, 29, 0, 110, 0, 150, 0, 0],resting
128,4,5,[0, 39, 0, 1, 17, 28, 0, 32, 0, 80, 0, 78, 1, 65, 0, 29, 0, 110, 0, 156, 0, 0],resting
128,4,5,[0, 39, 0, 1, 17, 28, 0, 24, 0, 53, 0, 244, 0, 48, 0, 25, 0, 116, 0, 185, 0, 0],resting
128,4,5,[0, 39, 0, 1, 17, 29, 0, 25, 0, 49, 0, 242, 0, 46, 0, 25, 0, 120, 0, 182, 0, 0],resting
128,4,5,[0, 39, 0, 1, 17, 28, 0, 21, 0, 47, 0, 249, 0, 48, 0, 24, 0, 120, 0, 199, 0, 0],resting
128,4,5,[0, 39, 0, 1, 17, 28, 0, 19, 0, 37, 0, 211, 0, 42, 0, 21, 0, 103, 0, 187, 0, 0],resting
128,4,5,[0, 39, 0, 1, 17, 26, 0, 19, 0, 39, 0, 204, 0, 43, 0, 22, 0, 108, 0, 188, 0, 0],resting
128,4,5,[0, 39, 0, 1, 17, 25, 0, 19, 0, 38, 0, 173, 0, 38, 0, 24, 0, 103, 0, 163, 0, 0],resting
128,4,5,[0, 39, 0, 1, 17, 23, 0, 16, 0, 34, 0, 139, 0, 35, 0, 24, 0, 96, 0, 160, 0, 0],resting
128,4,5,[0, 39, 0, 1, 17, 26, 0, 18, 0, 33, 0, 139, 0, 35, 0, 27, 0, 81, 0, 134, 0, 0],resting
128,4,5,[0, 39, 0, 1, 17, 24, 0, 20, 0, 35, 0, 149, 0, 38, 0, 29, 0, 73, 0, 120, 0, 0],resting
128,4,5,[0, 39, 0, 1, 17, 24, 0, 19, 0, 28, 0, 143, 0, 36, 0, 28, 0, 64, 0, 120, 0, 0],resting
128,4,5,[0, 39, 0, 1, 17, 26, 0, 20, 0, 26, 0, 134, 0, 34, 0, 27, 0, 71, 0, 147, 0, 0],resting
128,4,5,[0, 39, 0, 1, 17, 26, 0, 20, 0, 25, 0, 124, 0, 33, 0, 27, 0, 72, 0, 152, 0, 0],resting
128,4,5,[0, 39, 0, 1, 17, 21, 0, 19, 0, 22, 0, 98, 0, 28, 0, 23, 0, 63, 0, 134, 0, 0],resting
128,4,5,[0, 39, 0, 1, 17, 22, 0, 17, 0, 19, 0, 62, 0, 19, 0, 20, 0, 62, 0, 144, 0, 0],resting
128,4,5,[0, 39, 0, 1, 17, 23, 0, 17, 0, 18, 0, 51, 0, 18, 0, 25, 0, 80, 0, 204, 0, 0],resting
128,4,5,[0, 39, 0, 1, 17, 28, 0, 17, 0, 20, 0, 41, 0, 21, 0, 28, 0, 94, 0, 193, 0, 0],resting
128,4,5,[0, 39, 0, 1, 17, 30, 0, 18, 0, 20, 0, 37, 0, 21, 0, 29, 0, 98, 0, 199, 0, 0],resting
128,4,5,[0, 39, 0, 1, 17, 30, 0, 18, 0, 19, 0, 28, 0, 22, 0, 30, 0, 98, 0, 200, 0, 0],resting
128,4,5,[0, 39, 0, 1, 17, 30, 0, 20, 0, 38, 0, 169, 0, 27, 0, 31, 0, 98, 0, 197, 0, 0],resting
128,4,5,[0, 39, 0, 1, 17, 30, 0, 21, 0, 44, 0, 184, 0, 30, 0, 27, 0, 81, 0, 129, 0, 0],resting
128,4,5,[0, 39, 0, 1, 17, 24, 0, 21, 0, 43, 0, 188, 0, 115, 0, 24, 0, 52, 0, 117, 0, 0],resting
128,4,5,[0, 39, 0, 1, 17, 21, 0, 20, 0, 44, 0, 190, 0, 125, 0, 35, 0, 44, 0, 99, 0, 0],resting
128,4,5,[0, 39, 0, 1, 17, 21, 0, 23, 0, 49, 0, 242, 0, 147, 0, 39, 0, 39, 0, 94, 0, 0],resting
128,4,5,[0, 39, 0, 1, 17, 22, 0, 22, 0, 37, 0, 181, 0, 176, 0, 40, 0, 36, 0, 82, 0, 0],resting
128,4,5,[0, 39, 0, 1, 17, 22, 0, 24, 0, 35, 0, 166, 0, 192, 0, 42, 0, 32, 0, 76, 0, 0],resting
128,4,5,[0, 39, 0, 1, 17, 25, 0, 26, 0, 37, 0, 185, 0, 160, 0, 41, 0, 32, 0, 85, 0, 0],resting
128,4,5,[0, 39, 0, 1, 17, 31, 0, 29, 0, 38, 0, 192, 0, 162, 0, 36, 0, 35, 0, 81, 0, 0],resting
128,4,5,[0, 39, 0, 1, 17, 31, 0, 27, 0, 34, 0, 137, 0, 149, 0, 32, 0, 34, 0, 73, 0, 0],resting
128,4,5,[0, 39, 0, 1, 17, 31, 0, 28, 0, 40, 0, 182, 0, 126, 0, 34, 0, 35, 0, 80, 0, 0],resting
128,4,5,[0, 39, 0, 1, 17, 30, 0, 28, 0, 38, 0, 230, 0, 115, 0, 41, 0, 39, 0, 79, 0, 0],resting
128,4,5,[0, 39, 0, 1, 17, 30, 0, 30, 0, 50, 0, 88, 1, 156, 0, 61, 0, 49, 0, 69, 0, 0],resting
128,4,5,[0, 39, 0, 1, 17, 27, 0, 27, 0, 53, 0, 112, 1, 164, 0, 73, 0, 49, 0, 74, 0, 0],resting
128,4,5,[0, 39, 0, 1, 17, 26, 0, 28, 0, 53, 0, 132, 1, 176, 0, 75, 0, 49, 0, 71, 0, 0],resting
128,4,5,[0, 39, 0, 1, 17, 29, 0, 27, 0, 56, 0, 180, 1, 189, 0, 90, 0, 54, 0, 82, 0, 0],resting
128,4,5,[0, 39, 0, 1, 17, 30, 0, 28, 0, 60, 0, 211, 1, 213, 0, 120, 0, 58, 0, 86, 0, 0],resting
128,4,5,[0, 39, 0, 1, 17, 29, 0, 25, 0, 52, 0, 140, 1, 197, 0, 123, 0, 53, 0, 82, 0, 0],resting
128,4,5,[0, 39, 0, 1, 17, 27, 0, 24, 0, 48, 0, 116, 1, 199, 0, 135, 0, 51, 0, 89, 0, 0],resting
128,4,5,[0, 39, 0, 1, 17, 29, 0, 24, 0, 49, 0, 93, 1, 206, 0, 144, 0, 55, 0, 92, 0, 0],resting
128,4,5,[0, 39, 0, 1, 17, 27, 0, 26, 0, 40, 0, 2, 1, 192, 0, 142, 0, 54, 0, 82, 0, 0],resting
128,4,5,[0, 39, 0, 1, 17, 25, 0, 24, 0, 32, 0, 143, 0, 176, 0, 117, 0, 47, 0, 82, 0, 0],resting
128,4,5,[0, 39, 0, 1, 17, 34, 0, 31, 0, 29, 0, 91, 0, 193, 0, 119, 0, 46, 0, 80, 0, 0],resting
128,4,5,[0, 39, 0, 1, 17, 50, 0, 34, 0, 31, 0, 80, 0, 183, 0, 100, 0, 44, 0, 83, 0, 0],resting
128,4,5,[0, 39, 0, 1, 17, 62, 0, 47, 0, 28, 0, 67, 0, 168, 0, 88, 0, 40, 0, 77, 0, 0],resting
128,4,5,[0, 39, 0, 1, 17, 68, 0, 57, 0, 32, 0, 53, 0, 174, 0, 84, 0, 32, 0, 71, 0, 0],resting
128,4,5,[0, 39, 0, 1, 17, 71, 0, 57, 0, 34, 0, 38, 0, 156, 0, 82, 0, 30, 0, 71, 0, 0],resting
128,4,5,[0, 39, 0, 1, 17, 72, 0, 68, 0, 37, 0, 31, 0, 122, 0, 67, 0, 29, 0, 79, 0, 0],resting
128,4,5,[0, 39, 0, 1, 17, 86, 0, 151, 0, 88, 0, 45, 0, 121, 0, 77, 0, 30, 0, 77, 0, 0],resting
128,4,5,[0, 39, 0, 1, 17, 83, 0, 194, 0, 96, 0, 83, 0, 111, 0, 81, 0, 34, 0, 89, 0, 0],resting
128,4,5,[0, 39, 0, 1, 17, 96, 0, 251, 0, 108, 0, 115, 0, 143, 0, 85, 0, 43, 0, 103, 0, 0],resting
128,4,5,[0, 39, 0, 1, 17, 124, 0, 21, 1, 125, 0, 198, 0, 172, 0, 98, 0, 55, 0, 118, 0, 0],resting
128,4,5,[0, 39, 0, 1, 17, 205, 0, 126, 1, 145, 0, 135, 1, 224, 0, 146, 0, 72, 0, 143, 0, 0],resting
128,4,5,[0, 39, 0, 1, 17, 251, 0, 192, 1, 137, 0, 1, 2, 61, 1, 190, 0, 92, 0, 160, 0, 0],resting
128,4,5,[0, 39, 0, 1, 17, 21, 1, 250, 1, 140, 0, 72, 2, 105, 1, 199, 0, 96, 0, 166, 0, 0],resting
128,4,5,[0, 39, 0, 1, 17, 60, 1, 101, 2, 163, 0, 135, 2, 175, 1, 224, 0, 105, 0, 175, 0, 0],resting
128,4,5,[0, 39, 0, 1, 17, 58, 1, 109, 2, 165, 0, 128, 2, 171, 1, 224, 0, 112, 0, 176, 0, 0],resting
128,4,5,[0, 39, 0, 1, 17, 15, 1, 68, 2, 176, 0, 68, 2, 154, 1, 195, 0, 102, 0, 157, 0, 0],resting
128,4,5,[0, 39, 0, 1, 17, 225, 0, 22, 2, 168, 0, 245, 1, 87, 1, 146, 0, 85, 0, 137, 0, 0],resting
128,4,5,[0, 39, 0, 1, 17, 192, 0, 210, 1, 161, 0, 165, 1, 41, 1, 130, 0, 80, 0, 124, 0, 0],resting
128,4,5,[0, 39, 0, 1, 17, 115, 0, 19, 1, 131, 0, 76, 1, 147, 0, 70, 0, 81, 0, 144, 0, 0],resting
128,4,5,[0, 39, 0, 1, 17, 208, 0, 232, 0, 131, 0, 210, 1, 147, 0, 61, 0, 138, 0, 244, 0, 0],resting
128,4,5,[0, 39, 0, 1, 17, 226, 0, 181, 0, 102, 0, 243, 1, 159, 0, 66, 0, 154, 0, 30, 1, 0],resting
128,4,5,[0, 39, 0, 1, 17, 23, 1, 116, 0, 102, 0, 8, 2, 173, 0, 63, 0, 162, 0, 42, 1, 0],resting
128,4,5,[0, 39, 0, 1, 17, 43, 1, 107, 0, 115, 0, 83, 2, 188, 0, 63, 0, 167, 0, 50, 1, 0],resting
128,4,5,[0, 39, 0, 1, 17, 45, 1, 90, 0, 121, 0, 167, 2, 211, 0, 60, 0, 159, 0, 32, 1, 0],resting
128,4,5,[0, 39, 0, 1, 17, 237, 0, 87, 0, 164, 0, 179, 2, 215, 0, 53, 0, 105, 0, 202, 0, 0],resting
128,4,5,[0, 39, 0, 1, 17, 217, 0, 86, 0, 168, 0, 183, 2, 202, 0, 46, 0, 80, 0, 134, 0, 0],resting
128,4,5,[0, 39, 0, 1, 17, 138, 0, 73, 0, 172, 0, 218, 2, 212, 0, 49, 0, 59, 0, 100, 0, 0],resting
128,4,5,[0, 39, 0, 1, 17, 79, 0, 67, 0, 170, 0, 26, 3, 15, 1, 51, 0, 48, 0, 73, 0, 0],resting
128,4,5,[0, 39, 0, 1, 17, 57, 0, 64, 0, 179, 0, 242, 2, 1, 1, 51, 0, 46, 0, 70, 0, 0],resting
128,4,5,[0, 39, 0, 1, 17, 49, 0, 51, 0, 137, 0, 179, 2, 255, 0, 65, 0, 40, 0, 59, 0, 0],resting
128,4,5,[0, 39, 0, 1, 17, 41, 0, 44, 0, 134, 0, 185, 2, 248, 0, 78, 0, 37, 0, 54, 0, 0],resting
128,4,5,[0, 39, 0, 1, 17, 39, 0, 45, 0, 158, 0, 172, 2, 239, 0, 85, 0, 45, 0, 61, 0, 0],resting
128,4,5,[0, 39, 0, 1, 17, 36, 0, 45, 0, 165, 0, 93, 2, 158, 0, 89, 0, 45, 0, 56, 0, 0],resting
128,4,5,[0, 39, 0, 1, 17, 32, 0, 42, 0, 151, 0, 53, 2, 151, 0, 88, 0, 45, 0, 58, 0, 0],resting
128,4,5,[0, 39, 0, 1, 17, 29, 0, 40, 0, 142, 0, 25, 2, 158, 0, 80, 0, 41, 0, 68, 0, 0],resting
128,4,5,[0, 39, 0, 1, 17, 27, 0, 36, 0, 136, 0, 224, 1, 160, 0, 68, 0, 39, 0, 68, 0, 0],resting
128,4,5,[0, 39, 0, 1, 17, 24, 0, 29, 0, 104, 0, 218, 1, 146, 0, 71, 0, 31, 0, 73, 0, 0],resting
128,4,5,[0, 39, 0, 1, 17, 31, 0, 35, 0, 107, 0, 194, 1, 161, 0, 97, 0, 42, 0, 74, 0, 0],resting
128,4,5,[0, 39, 0, 1, 17, 46, 0, 45, 0, 130, 0, 21, 2, 58, 1, 123, 0, 64, 0, 89, 0, 0],resting
128,4,5,[0, 39, 0, 1, 17, 54, 0, 49, 0, 159, 0, 75, 2, 125, 1, 173, 0, 71, 0, 102, 0, 0],resting
128,4,5,[0, 39, 0, 1, 17, 68, 0, 75, 0, 185, 0, 218, 2, 156, 1, 203, 0, 93, 0, 114, 0, 0],resting
128,4,5,[0, 39, 0, 1, 17, 88, 0, 91, 0, 215, 0, 73, 3, 244, 1, 211, 0, 108, 0, 134, 0, 0],resting
128,4,5,[0, 39, 0, 1, 17, 107, 0, 113, 0, 246, 0, 122, 3, 8, 2, 228, 0, 131, 0, 157, 0, 0],resting
128,4,5,[0, 39, 0, 1, 17, 133, 0, 140, 0, 17, 1, 214, 3, 99, 2, 20, 1, 150, 0, 178, 0, 0],resting
128,4,5,[0, 39, 0, 1, 17, 141, 0, 146, 0, 41, 1, 75, 4, 112, 2, 8, 1, 156, 0, 181, 0, 0],resting
128,4,5,[0, 39, 0, 1, 17, 139, 0, 140, 0, 51, 1, 96, 4, 114, 2, 249, 0, 146, 0, 180, 0, 0],resting
128,4,5,[0, 39, 0, 1, 17, 133, 0, 139, 0, 48, 1, 30, 4, 67, 2, 247, 0, 142, 0, 167, 0, 0],resting
128,4,5,[0, 28, 0, 1, 20, 19, 215, 12, 35, 195, 244, 168, 32, 198, 2, 187, 248, 125, 2, 195, 255, 186, 255, 232, 255],resting
128,4,5,[0, 28, 0, 1, 20, 22, 215, 19, 35, 215, 244, 171, 32, 36, 3, 175, 248, 167, 2, 44, 0, 200, 255, 216, 255],resting
128,4,5,[0, 28, 0, 1, 20, 253, 214, 252, 34, 238, 244, 172, 32, 38, 3, 209, 248, 196, 2, 229, 0, 239, 255, 64, 0],resting
128,4,5,[0, 28, 0, 1, 20, 203, 214, 190, 34, 8, 245, 184, 32, 253, 2, 15, 249, 222, 2, 199, 1, 83, 0, 121, 0],resting
128,4,5,[0, 28, 0, 1, 20, 154, 214, 119, 34, 32, 245, 206, 32, 223, 2, 22, 249, 228, 2, 235, 1, 146, 0, 86, 0],resting
128,4,5,[0, 28, 0, 1, 20, 133, 214, 67, 34, 22, 245, 230, 32, 201, 2, 220, 248, 176, 2, 29, 1, 2, 1, 66, 0],resting
128,4,5,[0, 28, 0, 1, 20, 125, 214, 42, 34, 242, 244, 234, 32, 123, 2, 93, 248, 191, 2, 77, 0, 209, 0, 94, 0],resting
128,4,5,[0, 28, 0, 1, 20, 107, 214, 0, 34, 230, 244, 250, 32, 120, 2, 207, 248, 245, 2, 203, 0, 192, 0, 41, 0],resting
128,4,5,[0, 28, 0, 1, 20, 101, 214, 219, 33, 217, 244, 20, 33, 100, 2, 46, 249, 50, 3, 112, 0, 209, 0, 238, 255],resting
128,4,5,[0, 28, 0, 1, 20, 129, 214, 210, 33, 186, 244, 54, 33, 146, 2, 71, 249, 105, 3, 94, 255, 251, 0, 164, 255],resting
128,4,5,[0, 28, 0, 1, 20, 165, 214, 214, 33, 151, 244, 83, 33, 175, 2, 243, 248, 90, 3, 26, 255, 229, 0, 157, 255],resting
128,4,5,[0, 28, 0, 1, 20, 198, 214, 221, 33, 109, 244, 103, 33, 176, 2, 234, 248, 68, 3, 0, 255, 214, 0, 213, 255],resting
128,4,5,[0, 28, 0, 1, 20, 246, 214, 245, 33, 61, 244, 120, 33, 180, 2, 255, 248, 68, 3, 122, 254, 196, 0, 191, 255],resting
128,4,5,[0, 28, 0, 1, 20, 49, 215, 33, 34, 18, 244, 133, 33, 226, 2, 3, 249, 255, 2, 53, 254, 135, 0, 158, 255],resting
128,4,5,[0, 28, 0, 1, 20, 84, 215, 53, 34, 252, 243, 148, 33, 223, 2, 190, 248, 222, 2, 44, 255, 117, 0, 169, 255],resting
128,4,5,[0, 28, 0, 1, 20, 110, 215, 64, 34, 232, 243, 159, 33, 177, 2, 233, 248, 180, 2, 112, 255, 111, 0, 201, 255],resting
128,4,5,[0, 28, 0, 1, 20, 130, 215, 65, 34, 215, 243, 177, 33, 159, 2, 226, 248, 178, 2, 185, 255, 141, 0, 179, 255],resting
128,4,5,[0, 28, 0, 1, 20, 151, 215, 61, 34, 203, 243, 202, 33, 190, 2, 7, 249, 232, 2, 190, 255, 153, 0, 171, 255],resting
128,4,5,[0, 28, 0, 1, 20, 170, 215, 49, 34, 199, 243, 235, 33, 200, 2, 58, 249, 3, 3, 232, 255, 173, 0, 141, 255],resting
128,4,5,[0, 28, 0, 1, 20, 202, 215, 41, 34, 182, 243, 19, 34, 184, 2, 9, 249, 8, 3, 155, 255, 230, 0, 90, 255],resting
128,4,5,[0, 28, 0, 1, 20, 245, 215, 52, 34, 143, 243, 45, 34, 205, 2, 104, 248, 255, 2, 7, 255, 230, 0, 140, 255],resting
128,4,5,[0, 28, 0, 1, 20, 247, 215, 31, 34, 149, 243, 70, 34, 109, 2, 30, 249, 46, 3, 68, 0, 94, 0, 142, 255],resting
128,4,5,[0, 35, 0, 2, 6, 3, 0, 0, 0, 0, 0],resting
128,4,5,[0, 39, 0, 1, 17, 111, 1, 124, 0, 45, 1, 252, 3, 185, 2, 101, 0, 227, 0, 234, 0, 0],resting
128,4,5,[0, 39, 0, 1, 17, 128, 1, 129, 0, 45, 1, 228, 3, 216, 2, 114, 0, 19, 1, 38, 1, 0],resting
128,4,5,[0, 39, 0, 1, 17, 106, 1, 129, 0, 42, 1, 25, 4, 18, 3, 107, 0, 37, 1, 53, 1, 0],resting
128,4,5,[0, 39, 0, 1, 17, 114, 1, 133, 0, 31, 1, 242, 3, 45, 3, 110, 0, 49, 1, 64, 1, 0],resting
128,4,5,[0, 39, 0, 1, 17, 113, 1, 140, 0, 33, 1, 190, 3, 242, 2, 112, 0, 28, 1, 50, 1, 0],resting
128,4,5,[0, 39, 0, 1, 17, 22, 1, 123, 0, 25, 1, 99, 3, 64, 2, 108, 0, 238, 0, 14, 1, 0],resting
128,4,5,[0, 39, 0, 1, 17, 252, 0, 124, 0, 17, 1, 69, 3, 23, 2, 99, 0, 184, 0, 211, 0, 0],resting
128,4,5,[0, 39, 0, 1, 17, 214, 0, 123, 0, 19, 1, 21, 3, 163, 1, 91, 0, 142, 0, 184, 0, 0],resting
128,4,5,[0, 39, 0, 1, 17, 178, 0, 111, 0, 245, 0, 160, 2, 103, 1, 79, 0, 110, 0, 162, 0, 0],resting
128,4,5,[0, 39, 0, 1, 17, 115, 0, 88, 0, 173, 0, 16, 2, 17, 1, 66, 0, 98, 0, 144, 0, 0],resting
128,4,5,[0, 39, 0, 1, 17, 101, 0, 75, 0, 147, 0, 164, 1, 187, 0, 55, 0, 80, 0, 109, 0, 0],resting
128,4,5,[0, 39, 0, 1, 17, 87, 0, 51, 0, 104, 0, 108, 1, 170, 0, 43, 0, 60, 0, 94, 0, 0],resting
128,4,5,[0, 39, 0, 1, 17, 57, 0, 27, 0, 57, 0, 229, 0, 137, 0, 30, 0, 41, 0, 76, 0, 0],resting
128,4,5,[0, 39, 0, 1, 17, 42, 0, 25, 0, 44, 0, 169, 0, 79, 0, 24, 0, 26, 0, 58, 0, 0],resting
128,4,5,[0, 39, 0, 1, 17, 33, 0, 22, 0, 30, 0, 130, 0, 56, 0, 26, 0, 21, 0, 62, 0, 0],resting
128,4,5,[0, 39, 0, 1, 17, 28, 0, 21, 0, 27, 0, 138, 0, 57, 0, 34, 0, 22, 0, 60, 0, 0],resting
128,4,5,[0, 39, 0, 1, 17, 23, 0, 19, 0, 26, 0, 131, 0, 61, 0, 36, 0, 21, 0, 43, 0, 0],resting
