typ,cls,cmd,label
0,3,0,[2, 134, 1],spread
0,6,2,[0, 0],spread
128,6,0,[186, 0, 12, 151, 202, 214, 125, 248, 0, 255, 31, 9, 8, 77, 121, 32, 77, 121, 111, 0, 0, 2, 1, 6, 17, 6, 66, 72, 18, 74, 127, 44, 72, 71, 185, 222, 4, 169, 1, 0, 6, 213],spread
128,4,5,[0, 35, 0, 2, 6, 1, 1, 2, 2, 177, 10],spread
128,4,5,[0, 28, 0, 1, 20, 151, 213, 5, 38, 42, 232, 215, 16, 134, 254, 242, 247, 49, 0, 15, 0, 254, 255, 77, 0],spread
128,4,5,[0, 28, 0, 1, 20, 134, 213, 240, 37, 21, 232, 192, 16, 92, 254, 241, 247, 41, 0, 28, 0, 251, 255, 107, 0],spread
128,4,5,[0, 28, 0, 1, 20, 118, 213, 220, 37, 3, 232, 170, 16, 116, 254, 228, 247, 57, 0, 19, 0, 254, 255, 100, 0],spread
128,4,5,[0, 28, 0, 1, 20, 109, 213, 209, 37, 250, 231, 159, 16, 118, 254, 245, 247, 42, 0, 32, 0, 250, 255, 112, 0],spread
128,4,5,[0, 28, 0, 1, 20, 99, 213, 196, 37, 242, 231, 149, 16, 130, 254, 8, 248, 38, 0, 51, 0, 251, 255, 115, 0],spread
128,4,5,[0, 28, 0, 1, 20, 92, 213, 189, 37, 234, 231, 137, 16, 149, 254, 34, 248, 37, 0, 18, 0, 242, 255, 120, 0],spread
128,4,5,[0, 28, 0, 1, 20, 86, 213, 183, 37, 226, 231, 127, 16, 130, 254, 12, 248, 26, 0, 16, 0, 245, 255, 101, 0],spread
128,4,5,[0, 28, 0, 1, 20, 79, 213, 174, 37, 221, 231, 119, 16, 125, 254, 35, 248, 20, 0, 43, 0, 242, 255, 87, 0],spread
128,4,5,[0, 28, 0, 1, 20, 71, 213, 165, 37, 216, 231, 113, 16, 120, 254, 57, 248, 37, 0, 45, 0, 248, 255, 77, 0],spread
128,4,5,[0, 28, 0, 1, 20, 67, 213, 161, 37, 213, 231, 106, 16, 109, 254, 29, 248, 58, 0, 6, 0, 246, 255, 57, 0],spread
128,4,5,[0, 28, 0, 1, 20, 63, 213, 156, 37, 207, 231, 99, 16, 73, 254, 28, 248, 53, 0, 3, 0, 253, 255, 55, 0],spread
128,4,5,[0, 28, 0, 1, 20, 61, 213, 152, 37, 200, 231, 91, 16, 68, 254, 12, 248, 55, 0, 250, 255, 2, 0, 54, 0],spread
128,4,5,[0, 28, 0, 1, 20, 59, 213, 149, 37, 194, 231, 85, 16, 65, 254, 14, 248, 52, 0, 251, 255, 3, 0, 44, 0],spread
128,4,5,[0, 28, 0, 1, 20, 55, 213, 143, 37, 190, 231, 82, 16, 85, 254, 3, 248, 58, 0, 16, 0, 5, 0, 40, 0],spread
128,4,5,[0, 28, 0, 1, 20, 51, 213, 138, 37, 186, 231, 78, 16, 73, 254, 4, 248, 59, 0, 13, 0, 1, 0, 43, 0],spread
128,4,5,[0, 28, 0, 1, 20, 50, 213, 134, 37, 180, 231, 74, 16, 85, 254, 7, 248, 39, 0, 10, 0, 9, 0, 50, 0],spread
128,4,5,[0, 28, 0, 1, 20, 47, 213, 130, 37, 174, 231, 67, 16, 71, 254, 246, 247, 70, 0, 245, 255, 2, 0, 65, 0],spread
128,4,5,[0, 28, 0, 1, 20, 44, 213, 123, 37, 163, 231, 59, 16, 56, 254, 255, 247, 40, 0, 13, 0, 17, 0, 74, 0],spread
128,4,5,[0, 28, 0, 1, 20, 39, 213, 114, 37, 153, 231, 51, 16, 34, 254, 6, 248, 62, 0, 8, 0, 14, 0, 74, 0],spread
128,4,5,[0, 28, 0, 1, 20, 33, 213, 103, 37, 141, 231, 42, 16, 14, 254, 0, 248, 90, 0, 6, 0, 21, 0, 79, 0],spread
128,4,5,[0, 28, 0, 1, 20, 27, 213, 90, 37, 125, 231, 33, 16, 245, 253, 241, 247, 96, 0, 3, 0, 38, 0, 94, 0],spread
128,4,5,[0, 28, 0, 1, 20, 20, 213, 75, 37, 105, 231, 20, 16, 175, 253, 194, 247, 104, 0, 252, 255, 44, 0, 97, 0],spread
128,4,5,[0, 28, 0, 1, 20, 6, 213, 53, 37, 85, 231, 1, 16, 118, 253, 168, 247, 107, 0, 35, 0, 18, 0, 116, 0],spread
128,4,5,[0, 28, 0, 1, 20, 237, 212, 20, 37, 68, 231, 238, 15, 102, 253, 171, 247, 144, 0, 94, 0, 2, 0, 151, 0],spread
128,4,5,[0, 28, 0, 1, 20, 212, 212, 242, 36, 46, 231, 218, 15, 106, 253, 167, 247, 119, 0, 113, 0, 11, 0, 179, 0],spread
128,4,5,[0, 28, 0, 1, 20, 187, 212, 206, 36, 21, 231, 194, 15, 99, 253, 151, 247, 123, 0, 106, 0, 19, 0, 216, 0],spread
128,4,5,[0, 28, 0, 1, 20, 160, 212, 165, 36, 246, 230, 168, 15, 102, 253, 151, 247, 114, 0, 124, 0, 33, 0, 9, 1],spread
128,4,5,[0, 28, 0, 1, 20, 133, 212, 119, 36, 211, 230, 140, 15, 91, 253, 160, 247, 115, 0, 140, 0, 49, 0, 43, 1],spread
128,4,5,[0, 28, 0, 1, 20, 104, 212, 69, 36, 173, 230, 114, 15, 101, 253, 182, 247, 123, 0, 158, 0, 65, 0, 69, 1],spread
128,4,5,[0, 28, 0, 1, 20, 76, 212, 19, 36, 132, 230, 86, 15, 70, 253, 184, 247, 135, 0, 146, 0, 77, 0, 78, 1],spread
128,4,5,[0, 28, 0, 1, 20, 49, 212, 226, 35, 90, 230, 55, 15, 35, 253, 177, 247, 154, 0, 126, 0, 67, 0, 82, 1],spread
128,4,5,[0, 28, 0, 1, 20, 15, 212, 169, 35, 53, 230, 29, 15, 23, 253, 185, 247, 172, 0, 187, 0, 65, 0, 78, 1],spread
128,4,5,[0, 28, 0, 1, 20, 235, 211, 112, 35, 21, 230, 2, 15, 4, 253, 161, 247, 185, 0, 199, 0, 40, 0, 76, 1],spread
128,4,5,[0, 28, 0, 1, 20, 195, 211, 50, 35, 247, 229, 234, 14, 192, 252, 117, 247, 224, 0, 230, 0, 38, 0, 60, 1],spread
128,4,5,[0, 28, 0, 1, 20, 147, 211, 230, 34, 217, 229, 219, 14, 133, 252, 76, 247, 253, 0, 69, 1, 68, 0, 48, 1],spread
128,4,5,[0, 28, 0, 1, 20, 100, 211, 153, 34, 188, 229, 207, 14, 122, 252, 91, 247, 227, 0, 96, 1, 69, 0, 36, 1],spread
128,4,5,[0, 28, 0, 1, 20, 57, 211, 81, 34, 164, 229, 201, 14, 165, 252, 61, 247, 234, 0, 93, 1, 73, 0, 22, 1],spread
128,4,5,[0, 28, 0, 1, 20, 19, 211, 7, 34, 131, 229, 197, 14, 213, 252, 54, 247, 235, 0, 88, 1, 128, 0, 74, 1],spread
128,4,5,[0, 28, 0, 1, 20, 243, 210, 188, 33, 83, 229, 184, 14, 188, 252, 37, 247, 225, 0, 48, 1, 169, 0, 152, 1],spread
128,4,5,[0, 28, 0, 1, 20, 216, 210, 113, 33, 24, 229, 167, 14, 192, 252, 14, 247, 226, 0, 12, 1, 213, 0, 215, 1],spread
128,4,5,[0, 28, 0, 1, 20, 189, 210, 33, 33, 217, 228, 150, 14, 249, 252, 251, 246, 243, 0, 32, 1, 238, 0, 31, 2],spread
128,4,5,[0, 28, 0, 1, 20, 152, 210, 194, 32, 153, 228, 129, 14, 238, 252, 238, 246, 246, 0, 105, 1, 229, 0, 109, 2],spread
128,4,5,[0, 28, 0, 1, 20, 109, 210, 90, 32, 88, 228, 104, 14, 162, 252, 11, 247, 251, 0, 160, 1, 214, 0, 134, 2],spread
128,4,5,[0, 28, 0, 1, 20, 67, 210, 240, 31, 23, 228, 81, 14, 141, 252, 86, 247, 232, 0, 181, 1, 218, 0, 118, 2],spread
128,4,5,[0, 28, 0, 1, 20, 36, 210, 150, 31, 213, 227, 54, 14, 155, 252, 158, 247, 181, 0, 100, 1, 209, 0, 92, 2],spread
128,4,5,[0, 28, 0, 1, 20, 13, 210, 60, 31, 143, 227, 41, 14, 212, 252, 200, 247, 187, 0, 104, 1, 28, 1, 68, 2],spread
128,4,5,[0, 28, 0, 1, 20, 245, 209, 228, 30, 80, 227, 27, 14, 35, 253, 114, 247, 228, 0, 95, 1, 9, 1, 127, 2],spread
128,4,5,[0, 28, 0, 1, 20, 217, 209, 116, 30, 4, 227, 22, 14, 32, 253, 119, 247, 146, 0, 9, 2, 85, 1, 206, 2],spread
128,4,5,[0, 28, 0, 1, 20, 177, 209, 234, 29, 194, 226, 50, 14, 145, 252, 4, 248, 224, 0, 195, 2, 138, 1, 33, 2],spread
128,4,5,[0, 28, 0, 1, 20, 145, 209, 115, 29, 140, 226, 84, 14, 232, 252, 142, 248, 12, 1, 102, 2, 114, 1, 193, 1],spread
128,4,5,[0, 28, 0, 1, 20, 135, 209, 29, 29, 69, 226, 82, 14, 23, 253, 244, 248, 216, 0, 76, 1, 104, 1, 24, 2],spread
128,4,5,[0, 28, 0, 1, 20, 148, 209, 235, 28, 251, 225, 69, 14, 55, 253, 169, 248, 240, 0, 88, 0, 110, 1, 255, 1],spread
128,4,5,[0, 28, 0, 1, 20, 165, 209, 186, 28, 176, 225, 66, 14, 237, 252, 67, 248, 19, 1, 80, 0, 157, 1, 208, 1],spread
128,4,5,[0, 28, 0, 1, 20, 167, 209, 113, 28, 111, 225, 83, 14, 178, 252, 48, 248, 25, 1, 34, 1, 151, 1, 172, 1],spread
128,4,5,[0, 28, 0, 1, 20, 154, 209, 12, 28, 55, 225, 118, 14, 163, 252, 165, 248, 0, 1, 246, 1, 149, 1, 145, 1],spread
128,4,5,[0, 28, 0, 1, 20, 137, 209, 158, 27, 253, 224, 151, 14, 147, 252, 18, 249, 22, 1, 14, 2, 150, 1, 151, 1],spread
128,4,5,[0, 28, 0, 1, 20, 132, 209, 66, 27, 186, 224, 164, 14, 121, 252, 247, 248, 246, 0, 129, 1, 139, 1, 201, 1],spread
128,4,5,[0, 28, 0, 1, 20, 131, 209, 241, 26, 123, 224, 175, 14, 106, 252, 254, 248, 41, 1, 47, 1, 136, 1, 163, 1],spread
128,4,5,[0, 28, 0, 1, 20, 143, 209, 167, 26, 44, 224, 176, 14, 246, 251, 19, 249, 9, 1, 202, 0, 181, 1, 160, 1],spread
128,4,5,[0, 28, 0, 1, 20, 168, 209, 113, 26, 215, 223, 172, 14, 39, 252, 219, 248, 6, 1, 76, 0, 211, 1, 166, 1],spread
128,4,5,[0, 28, 0, 1, 20, 194, 209, 55, 26, 139, 223, 189, 14, 132, 252, 135, 248, 34, 1, 149, 0, 253, 1, 146, 1],spread
128,4,5,[0, 28, 0, 1, 20, 211, 209, 230, 25, 67, 223, 226, 14, 133, 252, 217, 248, 69, 1, 52, 1, 44, 2, 122, 1],spread
128,4,5,[0, 28, 0, 1, 20, 225, 209, 143, 25, 253, 222, 9, 15, 173, 252, 72, 249, 117, 1, 55, 1, 53, 2, 114, 1],spread
128,4,5,[0, 28, 0, 1, 20, 242, 209, 57, 25, 176, 222, 34, 15, 26, 252, 109, 249, 118, 1, 249, 0, 50, 2, 119, 1],spread
128,4,5,[0, 28, 0, 1, 20, 4, 210, 237, 24, 100, 222, 47, 15, 39, 252, 27, 249, 143, 1, 168, 0, 23, 2, 170, 1],spread
128,4,5,[0, 28, 0, 1, 20, 18, 210, 148, 24, 26, 222, 72, 15, 29, 252, 221, 248, 110, 1, 32, 1, 35, 2, 186, 1],spread
128,4,5,[0, 28, 0, 1, 20, 19, 210, 25, 24, 209, 221, 108, 15, 184, 251, 4, 249, 123, 1, 217, 1, 57, 2, 213, 1],spread
128,4,5,[0, 28, 0, 1, 20, 17, 210, 150, 23, 136, 221, 143, 15, 195, 251, 26, 249, 118, 1, 7, 2, 59, 2, 1, 2],spread
128,4,5,[0, 28, 0, 1, 20, 11, 210, 8, 23, 62, 221, 172, 15, 6, 252, 117, 249, 139, 1, 29, 2, 62, 2, 79, 2],spread
128,4,5,[0, 28, 0, 1, 20, 249, 209, 93, 22, 234, 220, 181, 15, 218, 251, 47, 250, 178, 1, 67, 2, 83, 2, 219, 2],spread
128,4,5,[0, 28, 0, 1, 20, 232, 209, 188, 21, 140, 220, 144, 15, 185, 251, 39, 250, 163, 1, 133, 1, 9, 2, 147, 3],spread
128,4,5,[0, 28, 0, 1, 20, 205, 209, 26, 21, 53, 220, 88, 15, 209, 251, 41, 250, 162, 1, 114, 1, 181, 1, 1, 4],spread
128,4,5,[0, 28, 0, 1, 20, 168, 209, 101, 20, 221, 219, 14, 15, 120, 251, 51, 250, 142, 1, 165, 1, 139, 1, 134, 4],spread
128,4,5,[0, 28, 0, 1, 20, 126, 209, 169, 19, 133, 219, 179, 14, 90, 251, 121, 250, 132, 1, 149, 1, 89, 1, 221, 4],spread
128,4,5,[0, 28, 0, 1, 20, 76, 209, 224, 18, 53, 219, 81, 14, 44, 251, 163, 250, 119, 1, 211, 1, 36, 1, 26, 5],spread
128,4,5,[0, 28, 0, 1, 20, 26, 209, 21, 18, 231, 218, 232, 13, 233, 250, 202, 250, 112, 1, 214, 1, 8, 1, 49, 5],spread
128,4,5,[0, 28, 0, 1, 20, 235, 208, 68, 17, 157, 218, 139, 13, 206, 250, 9, 251, 92, 1, 21, 2, 15, 1, 1, 5],spread
128,4,5,[0, 28, 0, 1, 20, 179, 208, 86, 16, 91, 218, 60, 13, 178, 250, 251, 251, 143, 1, 179, 2, 31, 1, 217, 4],spread
128,4,5,[0, 28, 0, 1, 20, 148, 208, 153, 15, 13, 218, 208, 12, 48, 250, 163, 251, 57, 1, 131, 1, 16, 1, 178, 4],spread
128,4,5,[0, 28, 0, 1, 20, 116, 208, 214, 14, 202, 217, 120, 12, 63, 250, 172, 251, 115, 1, 220, 1, 29, 1, 133, 4],spread
128,4,5,[0, 28, 0, 1, 20, 83, 208, 3, 14, 145, 217, 61, 12, 23, 250, 185, 251, 130, 1, 141, 2, 43, 1, 63, 4],spread
128,4,5,[0, 28, 0, 1, 20, 51, 208, 35, 13, 93, 217, 22, 12, 1, 250, 10, 252, 140, 1, 6, 3, 66, 1, 251, 3],spread
128,4,5,[0, 28, 0, 1, 20, 23, 208, 55, 12, 43, 217, 250, 11, 162, 249, 81, 252, 129, 1, 92, 3, 84, 1, 208, 3],spread
128,4,5,[0, 28, 0, 1, 20, 0, 208, 71, 11, 246, 216, 222, 11, 153, 249, 202, 252, 93, 1, 104, 3, 98, 1, 186, 3],spread
128,4,5,[0, 28, 0, 1, 20, 243, 207, 110, 10, 188, 216, 179, 11, 134, 249, 6, 253, 64, 1, 202, 2, 100, 1, 157, 3],spread
128,4,5,[0, 28, 0, 1, 20, 235, 207, 162, 9, 130, 216, 127, 11, 73, 249, 33, 253, 146, 1, 90, 2, 130, 1, 141, 3],spread
128,4,5,[0, 28, 0, 1, 20, 233, 207, 230, 8, 71, 216, 65, 11, 96, 249, 13, 253, 100, 1, 1, 2, 120, 1, 160, 3],spread
128,4,5,[0, 28, 0, 1, 20, 236, 207, 40, 8, 10, 216, 4, 11, 140, 249, 149, 253, 94, 1, 0, 2, 147, 1, 125, 3],spread
128,4,5,[0, 28, 0, 1, 20, 249, 207, 118, 7, 195, 215, 186, 10, 11, 249, 194, 253, 39, 1, 149, 1, 176, 1, 110, 3],spread
128,4,5,[0, 28, 0, 1, 20, 10, 208, 222, 6, 128, 215, 105, 10, 252, 248, 158, 253, 53, 1, 19, 1, 156, 1, 80, 3],spread
128,4,5,[0, 28, 0, 1, 20, 29, 208, 69, 6, 65, 215, 45, 10, 75, 249, 150, 253, 59, 1, 102, 1, 178, 1, 27, 3],spread
128,4,5,[0, 28, 0, 1, 20, 53, 208, 158, 5, 1, 215, 1, 10, 232, 248, 226, 253, 34, 1, 209, 1, 204, 1, 228, 2],spread
128,4,5,[0, 28, 0, 1, 20, 80, 208, 243, 4, 195, 214, 218, 9, 248, 248, 69, 254, 254, 0, 248, 1, 208, 1, 189, 2],spread
128,4,5,[0, 28, 0, 1, 20, 113, 208, 74, 4, 127, 214, 174, 9, 191, 248, 188, 254, 180, 0, 214, 1, 212, 1, 143, 2],spread
128,4,5,[0, 28, 0, 1, 20, 150, 208, 188, 3, 57, 214, 112, 9, 132, 248, 229, 254, 154, 0, 32, 1, 198, 1, 111, 2],spread
128,4,5,[0, 28, 0, 1, 20, 189, 208, 67, 3, 243, 213, 41, 9, 119, 248, 229, 254, 131, 0, 173, 0, 185, 1, 85, 2],spread
128,4,5,[0, 28, 0, 1, 20, 231, 208, 211, 2, 177, 213, 243, 8, 166, 248, 180, 254, 105, 0, 208, 0, 170, 1, 20, 2],spread
128,4,5,[0, 28, 0, 1, 20, 18, 209, 99, 2, 114, 213, 203, 8, 129, 248, 28, 255, 70, 0, 3, 1, 161, 1, 176, 1],spread
128,4,5,[0, 28, 0, 1, 20, 57, 209, 3, 2, 60, 213, 177, 8, 126, 248, 224, 254, 102, 0, 247, 0, 122, 1, 104, 1],spread
128,4,5,[0, 28, 0, 1, 20, 97, 209, 162, 1, 13, 213, 176, 8, 84, 248, 243, 254, 90, 0, 97, 1, 101, 1, 247, 0],spread
128,4,5,[0, 28, 0, 1, 20, 137, 209, 63, 1, 224, 212, 186, 8, 88, 248, 81, 255, 76, 0, 148, 1, 95, 1, 170, 0],spread
128,4,5,[0, 28, 0, 1, 20, 177, 209, 236, 0, 183, 212, 202, 8, 167, 248, 52, 255, 71, 0, 103, 1, 78, 1, 116, 0],spread
128,4,5,[0, 28, 0, 1, 20, 215, 209, 160, 0, 146, 212, 230, 8, 127, 248, 45, 255, 131, 0, 121, 1, 87, 1, 49, 0],spread
128,4,5,[0, 28, 0, 1, 20, 253, 209, 88, 0, 109, 212, 251, 8, 113, 248, 96, 255, 122, 0, 73, 1, 82, 1, 34, 0],spread
128,4,5,[0, 28, 0, 1, 20, 34, 210, 29, 0, 74, 212, 14, 9, 46, 248, 54, 255, 150, 0, 17, 1, 79, 1, 13, 0],spread
128,4,5,[0, 28, 0, 1, 20, 77, 210, 231, 255, 34, 212, 36, 9, 59, 248, 23, 255, 67, 0, 12, 1, 84, 1, 253, 255],spread
128,4,5,[0, 28, 0, 1, 20, 124, 210, 184, 255, 246, 211, 59, 9, 81, 248, 10, 255, 21, 0, 247, 0, 90, 1, 225, 255],spread
128,4,5,[0, 28, 0, 1, 20, 170, 210, 144, 255, 203, 211, 75, 9, 58, 248, 64, 255, 30, 0, 189, 0, 88, 1, 207, 255],spread
128,4,5,[0, 28, 0, 1, 20, 212, 210, 126, 255, 157, 211, 66, 9, 52, 248, 23, 255, 239, 255, 6, 0, 54, 1, 241, 255],spread
128,4,5,[0, 28, 0, 1, 20, 2, 211, 125, 255, 109, 211, 55, 9, 0, 248, 149, 254, 204, 255, 195, 255, 49, 1, 246, 255],spread
128,4,5,[0, 28, 0, 1, 20, 44, 211, 126, 255, 68, 211, 57, 9, 240, 247, 66, 254, 188, 255, 236, 255, 8, 1, 234, 255],spread
128,4,5,[0, 28, 0, 1, 20, 84, 211, 120, 255, 27, 211, 59, 9, 221, 247, 116, 254, 167, 255, 13, 0, 254, 0, 230, 255],spread
128,4,5,[0, 28, 0, 1, 20, 122, 211, 130, 255, 243, 210, 46, 9, 159, 247, 74, 254, 110, 255, 153, 255, 210, 0, 244, 255],spread
128,4,5,[0, 28, 0, 1, 20, 156, 211, 145, 255, 204, 210, 20, 9, 149, 247, 71, 254, 45, 255, 90, 255, 157, 0, 27, 0],spread
128,4,5,[0, 28, 0, 1, 20, 185, 211, 170, 255, 169, 210, 243, 8, 176, 247, 19, 254, 243, 254, 29, 255, 90, 0, 48, 0],spread
128,4,5,[0, 28, 0, 1, 20, 205, 211, 193, 255, 144, 210, 215, 8, 120, 247, 252, 253, 228, 254, 64, 255, 15, 0, 47, 0],spread
128,4,5,[0, 28, 0, 1, 20, 217, 211, 205, 255, 126, 210, 186, 8, 164, 247, 67, 254, 167, 254, 112, 255, 189, 255, 72, 0],spread
128,4,5,[0, 28, 0, 1, 20, 219, 211, 223, 255, 116, 210, 138, 8, 226, 247, 162, 254, 155, 254, 26, 255, 113, 255, 87, 0],spread
128,4,5,[0, 28, 0, 1, 20, 211, 211, 3, 0, 113, 210, 82, 8, 9, 248, 104, 254, 127, 254, 182, 254, 18, 255, 89, 0],spread
128,4,5,[0, 28, 0, 1, 20, 193, 211, 46, 0, 122, 210, 30, 8, 11, 248, 66, 254, 156, 254, 181, 254, 191, 254, 79, 0],spread
128,4,5,[0, 28, 0, 1, 20, 161, 211, 85, 0, 144, 210, 239, 7, 214, 247, 69, 254, 177, 254, 218, 254, 98, 254, 74, 0],spread
128,4,5,[0, 28, 0, 1, 20, 115, 211, 113, 0, 183, 210, 202, 7, 243, 247, 79, 254, 207, 254, 62, 255, 252, 253, 94, 0],spread
128,4,5,[0, 28, 0, 1, 20, 57, 211, 132, 0, 237, 210, 179, 7, 24, 248, 48, 254, 250, 254, 156, 255, 160, 253, 99, 0],spread
128,4,5,[0, 28, 0, 1, 20, 242, 210, 147, 0, 50, 211, 165, 7, 10, 248, 37, 254, 16, 255, 217, 255, 56, 253, 95, 0],spread
128,4,5,[0, 28, 0, 1, 20, 158, 210, 157, 0, 131, 211, 142, 7, 51, 248, 90, 254, 50, 255, 211, 255, 218, 252, 138, 0],spread
128,4,5,[0, 28, 0, 1, 20, 64, 210, 182, 0, 222, 211, 103, 7, 67, 248, 73, 254, 79, 255, 101, 255, 131, 252, 157, 0],spread
128,4,5,[0, 28, 0, 1, 20, 216, 209, 218, 0, 66, 212, 49, 7, 138, 248, 75, 254, 137, 255, 3, 255, 62, 252, 197, 0],spread
128,4,5,[0, 28, 0, 1, 20, 98, 209, 9, 1, 183, 212, 243, 6, 229, 248, 34, 254, 249, 255, 189, 254, 235, 251, 223, 0],spread
128,4,5,[0, 28, 0, 1, 20, 217, 208, 49, 1, 68, 213, 185, 6, 247, 248, 18, 254, 151, 0, 242, 254, 133, 251, 254, 0],spread
128,4,5,[0, 28, 0, 1, 20, 68, 208, 74, 1, 228, 213, 140, 6, 220, 248, 240, 253, 235, 0, 109, 255, 33, 251, 25, 1],spread
128,4,5,[0, 28, 0, 1, 20, 165, 207, 84, 1, 151, 214, 111, 6, 238, 248, 226, 253, 14, 1, 247, 255, 180, 250, 27, 1],spread
128,4,5,[0, 28, 0, 1, 20, 251, 206, 69, 1, 94, 215, 98, 6, 25, 249, 18, 254, 135, 1, 164, 0, 106, 250, 37, 1],spread
128,4,5,[0, 28, 0, 1, 20, 81, 206, 44, 1, 44, 216, 83, 6, 35, 249, 55, 254, 173, 1, 207, 0, 69, 250, 60, 1],spread
128,4,5,[0, 28, 0, 1, 20, 165, 205, 14, 1, 1, 217, 60, 6, 82, 249, 93, 254, 244, 1, 203, 0, 50, 250, 105, 1],spread
128,4,5,[0, 35, 0, 2, 6, 3, 0, 0, 0, 0, 0],spread
128,4,5,[0, 39, 0, 1, 17, 48, 0, 44, 0, 117, 0, 210, 1, 114, 0, 28, 0, 20, 0, 23, 0, 0],spread
128,4,5,[0, 39, 0, 1, 17, 62, 0, 45, 0, 92, 0, 208, 1, 109, 0, 29, 0, 21, 0, 25, 0, 0],spread
128,4,5,[0, 39, 0, 1, 17, 62, 0, 47, 0, 101, 0, 55, 2, 123, 0, 32, 0, 22, 0, 25, 0, 0],spread
128,4,5,[0, 39, 0, 1, 17, 62, 0, 42, 0, 92, 0, 26, 2, 117, 0, 33, 0, 22, 0, 27, 0, 0],spread
128,4,5,[0, 39, 0, 1, 17, 64, 0, 42, 0, 95, 0, 204, 1, 96, 0, 31, 0, 20, 0, 27, 0, 0],spread
128,4,5,[0, 39, 0, 1, 17, 58, 0, 41, 0, 111, 0, 187, 1, 84, 0, 32, 0, 22, 0, 24, 0, 0],spread
128,4,5,[0, 39, 0, 1, 17, 52, 0, 49, 0, 111, 0, 184, 1, 86, 0, 31, 0, 23, 0, 32, 0, 0],spread
128,4,5,[0, 39, 0, 1, 17, 86, 0, 61, 0, 102, 0, 81, 1, 79, 0, 29, 0, 23, 0, 40, 0, 0],spread
128,4,5,[0, 39, 0, 1, 17, 86, 0, 64, 0, 110, 0, 84, 1, 78, 0, 29, 0, 23, 0, 40, 0, 0],spread
128,4,5,[0, 39, 0, 1, 17, 87, 0, 62, 0, 98, 0, 83, 1, 76, 0, 28, 0, 23, 0, 40, 0, 0],spread
128,4,5,[0, 39, 0, 1, 17, 106, 0, 63, 0, 83, 0, 116, 1, 85, 0, 28, 0, 23, 0, 42, 0, 0],spread
128,4,5,[0, 39, 0, 1, 17, 103, 0, 60, 0, 87, 0, 113, 1, 85, 0, 31, 0, 23, 0, 40, 0, 0],spread
128,4,5,[0, 39, 0, 1, 17, 102, 0, 64, 0, 87, 0, 87, 1, 70, 0, 30, 0, 22, 0, 37, 0, 0],spread
128,4,5,[0, 39, 0, 1, 17, 104, 0, 63, 0, 81, 0, 120, 1, 90, 0, 29, 0, 23, 0, 36, 0, 0],spread
128,4,5,[0, 39, 0, 1, 17, 105, 0, 65, 0, 89, 0, 211, 1, 101, 0, 32, 0, 23, 0, 37, 0, 0],spread
128,4,5,[0, 39, 0, 1, 17, 101, 0, 66, 0, 84, 0, 187, 1, 98, 0, 32, 0, 25, 0, 41, 0, 0],spread
128,4,5,[0, 39, 0, 1, 17, 113, 0, 66, 0, 79, 0, 163, 1, 94, 0, 27, 0, 24, 0, 36, 0, 0],spread
128,4,5,[0, 39, 0, 1, 17, 137, 0, 71, 0, 119, 0, 47, 2, 204, 0, 41, 0, 26, 0, 46, 0, 0],spread
128,4,5,[0, 39, 0, 1, 17, 147, 0, 75, 0, 127, 0, 63, 2, 215, 0, 40, 0, 26, 0, 49, 0, 0],spread
128,4,5,[0, 39, 0, 1, 17, 151, 0, 78, 0, 149, 0, 120, 2, 226, 0, 39, 0, 27, 0, 48, 0, 0],spread
128,4,5,[0, 39, 0, 1, 17, 143, 0, 76, 0, 154, 0, 196, 2, 234, 0, 45, 0, 30, 0, 45, 0, 0],spread
128,4,5,[0, 39, 0, 1, 17, 140, 0, 75, 0, 164, 0, 30, 3, 10, 1, 50, 0, 30, 0, 46, 0, 0],spread
128,4,5,[0, 39, 0, 1, 17, 104, 0, 62, 0, 147, 0, 228, 2, 199, 0, 40, 0, 28, 0, 38, 0, 0],spread
128,4,5,[0, 39, 0, 1, 17, 110, 0, 64, 0, 149, 0, 1, 3, 188, 0, 40, 0, 28, 0, 35, 0, 0],spread
128,4,5,[0, 39, 0, 1, 17, 103, 0, 58, 0, 125, 0, 210, 2, 190, 0, 39, 0, 28, 0, 35, 0, 0],spread
128,4,5,[0, 39, 0, 1, 17, 106, 0, 61, 0, 124, 0, 145, 2, 179, 0, 34, 0, 23, 0, 37, 0, 0],spread
128,4,5,[0, 39, 0, 1, 17, 104, 0, 64, 0, 112, 0, 71, 2, 145, 0, 32, 0, 27, 0, 41, 0, 0],spread
128,4,5,[0, 39, 0, 1, 17, 97, 0, 56, 0, 107, 0, 49, 2, 142, 0, 32, 0, 27, 0, 37, 0, 0],spread
128,4,5,[0, 39, 0, 1, 17, 98, 0, 51, 0, 87, 0, 229, 1, 134, 0, 30, 0, 25, 0, 37, 0, 0],spread
128,4,5,[0, 39, 0, 1, 17, 101, 0, 64, 0, 100, 0, 168, 1, 106, 0, 31, 0, 26, 0, 38, 0, 0],spread
128,4,5,[0, 39, 0, 1, 17, 110, 0, 65, 0, 93, 0, 163, 1, 104, 0, 29, 0, 26, 0, 38, 0, 0],spread
128,4,5,[0, 39, 0, 1, 17, 116, 0, 61, 0, 89, 0, 127, 1, 98, 0, 29, 0, 22, 0, 32, 0, 0],spread
128,4,5,[0, 39, 0, 1, 17, 116, 0, 60, 0, 97, 0, 109, 1, 92, 0, 28, 0, 21, 0, 32, 0, 0],spread
128,4,5,[0, 39, 0, 1, 17, 113, 0, 62, 0, 101, 0, 93, 1, 98, 0, 30, 0, 21, 0, 29, 0, 0],spread
128,4,5,[0, 39, 0, 1, 17, 123, 0, 53, 0, 91, 0, 83, 1, 105, 0, 33, 0, 21, 0, 33, 0, 0],spread
128,4,5,[0, 39, 0, 1, 17, 111, 0, 59, 0, 109, 0, 55, 1, 104, 0, 33, 0, 21, 0, 30, 0, 0],spread
128,4,5,[0, 39, 0, 1, 17, 99, 0, 60, 0, 115, 0, 26, 1, 99, 0, 27, 0, 19, 0, 29, 0, 0],spread
128,4,5,[0, 39, 0, 1, 17, 98, 0, 60, 0, 102, 0, 247, 0, 103, 0, 28, 0, 20, 0, 29, 0, 0],spread
128,4,5,[0, 39, 0, 1, 17, 96, 0, 68, 0, 110, 0, 228, 0, 101, 0, 29, 0, 22, 0, 37, 0, 0],spread
128,4,5,[0, 39, 0, 1, 17, 81, 0, 66, 0, 109, 0, 196, 0, 106, 0, 26, 0, 23, 0, 35, 0, 0],spread
128,4,5,[0, 39, 0, 1, 17, 80, 0, 62, 0, 95, 0, 197, 0, 115, 0, 25, 0, 22, 0, 35, 0, 0],spread
128,4,5,[0, 39, 0, 1, 17, 79, 0, 62, 0, 89, 0, 189, 0, 109, 0, 29, 0, 26, 0, 36, 0, 0],spread
128,4,5,[0, 39, 0, 1, 17, 82, 0, 63, 0, 87, 0, 183, 0, 108, 0, 31, 0, 33, 0, 43, 0, 0],spread
128,4,5,[0, 39, 0, 1, 17, 93, 0, 55, 0, 87, 0, 201, 0, 106, 0, 34, 0, 35, 0, 39, 0, 0],spread
128,4,5,[0, 39, 0, 1, 17, 93, 0, 59, 0, 98, 0, 240, 0, 98, 0, 35, 0, 37, 0, 37, 0, 0],spread
128,4,5,[0, 39, 0, 1, 17, 94, 0, 55, 0, 100, 0, 24, 1, 111, 0, 36, 0, 38, 0, 39, 0, 0],spread
128,4,5,[0, 39, 0, 1, 17, 93, 0, 50, 0, 104, 0, 87, 1, 147, 0, 38, 0, 36, 0, 37, 0, 0],spread
128,4,5,[0, 39, 0, 1, 17, 97, 0, 48, 0, 106, 0, 99, 1, 149, 0, 39, 0, 33, 0, 29, 0, 0],spread
128,4,5,[0, 39, 0, 1, 17, 98, 0, 43, 0, 93, 0, 98, 1, 149, 0, 35, 0, 30, 0, 30, 0, 0],spread
128,4,5,[0, 39, 0, 1, 17, 106, 0, 43, 0, 95, 0, 78, 1, 164, 0, 38, 0, 30, 0, 36, 0, 0],spread
128,4,5,[0, 39, 0, 1, 17, 113, 0, 48, 0, 109, 0, 95, 1, 165, 0, 39, 0, 30, 0, 35, 0, 0],spread
128,4,5,[0, 39, 0, 1, 17, 118, 0, 60, 0, 125, 0, 104, 1, 158, 0, 38, 0, 30, 0, 40, 0, 0],spread
128,4,5,[0, 39, 0, 1, 17, 114, 0, 60, 0, 125, 0, 98, 1, 156, 0, 37, 0, 28, 0, 40, 0, 0],spread
128,4,5,[0, 39, 0, 1, 17, 130, 0, 58, 0, 132, 0, 142, 1, 159, 0, 38, 0, 27, 0, 41, 0, 0],spread
128,4,5,[0, 39, 0, 1, 17, 131, 0, 57, 0, 128, 0, 150, 1, 157, 0, 34, 0, 23, 0, 38, 0, 0],spread
128,4,5,[0, 39, 0, 1, 17, 128, 0, 53, 0, 115, 0, 147, 1, 150, 0, 30, 0, 21, 0, 38, 0, 0],spread
128,4,5,[0, 39, 0, 1, 17, 124, 0, 42, 0, 94, 0, 93, 1, 134, 0, 31, 0, 24, 0, 40, 0, 0],spread
128,4,5,[0, 39, 0, 1, 17, 126, 0, 41, 0, 95, 0, 116, 1, 161, 0, 31, 0, 23, 0, 39, 0, 0],spread
128,4,5,[0, 39, 0, 1, 17, 75, 0, 42, 0, 95, 0, 110, 1, 162, 0, 27, 0, 24, 0, 35, 0, 0],spread
128,4,5,[0, 39, 0, 1, 17, 119, 0, 50, 0, 122, 0, 136, 1, 151, 0, 31, 0, 26, 0, 35, 0, 0],spread
128,4,5,[0, 39, 0, 1, 17, 124, 0, 51, 0, 120, 0, 124, 1, 151, 0, 33, 0, 29, 0, 34, 0, 0],spread
128,4,5,[0, 39, 0, 1, 17, 127, 0, 50, 0, 119, 0, 122, 1, 155, 0, 28, 0, 24, 0, 26, 0, 0],spread
128,4,5,[0, 39, 0, 1, 17, 135, 0, 53, 0, 118, 0, 136, 1, 152, 0, 29, 0, 25, 0, 27, 0, 0],spread
128,4,5,[0, 39, 0, 1, 17, 150, 0, 54, 0, 117, 0, 90, 1, 149, 0, 32, 0, 25, 0, 35, 0, 0],spread
128,4,5,[0, 39, 0, 1, 17, 109, 0, 43, 0, 85, 0, 45, 1, 143, 0, 30, 0, 28, 0, 33, 0, 0],spread
128,4,5,[0, 39, 0, 1, 17, 156, 0, 49, 0, 84, 0, 15, 1, 147, 0, 29, 0, 27, 0, 41, 0, 0],spread
128,4,5,[0, 39, 0, 1, 17, 153, 0, 51, 0, 86, 0, 13, 1, 135, 0, 28, 0, 27, 0, 43, 0, 0],spread
128,4,5,[0, 39, 0, 1, 17, 156, 0, 52, 0, 90, 0, 214, 0, 114, 0, 29, 0, 28, 0, 45, 0, 0],spread
128,4,5,[0, 39, 0, 1, 17, 146, 0, 51, 0, 79, 0, 211, 0, 116, 0, 28, 0, 28, 0, 40, 0, 0],spread
128,4,5,[0, 39, 0, 1, 17, 146, 0, 52, 0, 87, 0, 254, 0, 130, 0, 27, 0, 25, 0, 41, 0, 0],spread
128,4,5,[0, 39, 0, 1, 17, 89, 0, 46, 0, 96, 0, 121, 1, 139, 0, 28, 0, 25, 0, 32, 0, 0],spread
128,4,5,[0, 39, 0, 1, 17, 92, 0, 44, 0, 131, 0, 204, 1, 165, 0, 31, 0, 30, 0, 31, 0, 0],spread
128,4,5,[0, 39, 0, 1, 17, 74, 0, 39, 0, 139, 0, 201, 1, 164, 0, 29, 0, 29, 0, 28, 0, 0],spread
128,4,5,[0, 39, 0, 1, 17, 67, 0, 39, 0, 146, 0, 203, 1, 164, 0, 52, 0, 61, 0, 48, 0, 0],spread
128,4,5,[0, 39, 0, 1, 17, 65, 0, 38, 0, 141, 0, 200, 1, 172, 0, 60, 0, 70, 0, 50, 0, 0],spread
128,4,5,[0, 39, 0, 1, 17, 84, 0, 39, 0, 154, 0, 144, 1, 159, 0, 60, 0, 70, 0, 52, 0, 0],spread
128,4,5,[0, 39, 0, 1, 17, 88, 0, 47, 0, 125, 0, 30, 1, 137, 0, 63, 0, 71, 0, 58, 0, 0],spread
128,4,5,[0, 39, 0, 1, 17, 86, 0, 50, 0, 108, 0, 23, 1, 143, 0, 68, 0, 78, 0, 64, 0, 0],spread
128,4,5,[0, 39, 0, 1, 17, 90, 0, 48, 0, 101, 0, 17, 1, 136, 0, 53, 0, 58, 0, 54, 0, 0],spread
128,4,5,[0, 39, 0, 1, 17, 104, 0, 48, 0, 92, 0, 229, 0, 114, 0, 44, 0, 51, 0, 53, 0, 0],spread
128,4,5,[0, 39, 0, 1, 17, 88, 0, 45, 0, 77, 0, 149, 0, 166, 0, 48, 0, 55, 0, 53, 0, 0],spread
128,4,5,[0, 39, 0, 1, 17, 76, 0, 34, 0, 76, 0, 153, 0, 163, 0, 45, 0, 51, 0, 45, 0, 0],spread
128,4,5,[0, 39, 0, 1, 17, 95, 0, 37, 0, 74, 0, 146, 0, 153, 0, 40, 0, 42, 0, 40, 0, 0],spread
128,4,5,[0, 39, 0, 1, 17, 90, 0, 37, 0, 74, 0, 137, 0, 154, 0, 39, 0, 40, 0, 36, 0, 0],spread
128,4,5,[0, 39, 0, 1, 17, 76, 0, 36, 0, 74, 0, 133, 0, 161, 0, 40, 0, 33, 0, 33, 0, 0],spread
128,4,5,[0, 39, 0, 1, 17, 106, 0, 41, 0, 47, 0, 109, 0, 94, 0, 32, 0, 23, 0, 30, 0, 0],spread
128,4,5,[0, 39, 0, 1, 17, 243, 0, 101, 0, 45, 0, 93, 0, 85, 0, 31, 0, 29, 0, 49, 0, 0],spread
128,4,5,[0, 39, 0, 1, 17, 242, 0, 100, 0, 50, 0, 92, 0, 79, 0, 26, 0, 25, 0, 49, 0, 0],spread
128,4,5,[0, 39, 0, 1, 17, 107, 1, 107, 0, 71, 0, 96, 0, 73, 0, 28, 0, 30, 0, 65, 0, 0],spread
128,4,5,[0, 39, 0, 1, 17, 117, 1, 139, 0, 78, 0, 73, 0, 53, 0, 25, 0, 33, 0, 69, 0, 0],spread
128,4,5,[0, 39, 0, 1, 17, 152, 1, 177, 0, 81, 0, 75, 0, 50, 0, 27, 0, 36, 0, 83, 0, 0],spread
128,4,5,[0, 39, 0, 1, 17, 131, 1, 170, 0, 84, 0, 70, 0, 46, 0, 26, 0, 36, 0, 87, 0, 0],spread
128,4,5,[0, 39, 0, 1, 17, 132, 1, 173, 0, 82, 0, 65, 0, 52, 0, 30, 0, 36, 0, 97, 0, 0],spread
128,4,5,[0, 39, 0, 1, 17, 32, 1, 175, 0, 65, 0, 59, 0, 52, 0, 29, 0, 32, 0, 88, 0, 0],spread
128,4,5,[0, 39, 0, 1, 17, 31, 1, 154, 0, 55, 0, 73, 0, 45, 0, 28, 0, 31, 0, 87, 0, 0],spread
128,4,5,[0, 39, 0, 1, 17, 227, 0, 107, 0, 53, 0, 90, 0, 46, 0, 27, 0, 28, 0, 76, 0, 0],spread
128,4,5,[0, 39, 0, 1, 17, 236, 0, 125, 0, 59, 0, 94, 0, 51, 0, 29, 0, 27, 0, 63, 0, 0],spread
128,4,5,[0, 39, 0, 1, 17, 236, 0, 126, 0, 58, 0, 120, 0, 48, 0, 29, 0, 29, 0, 44, 0, 0],spread
128,4,5,[0, 39, 0, 1, 17, 233, 0, 121, 0, 63, 0, 137, 0, 56, 0, 27, 0, 29, 0, 43, 0, 0],spread
128,4,5,[0, 39, 0, 1, 17, 229, 0, 120, 0, 79, 0, 28, 1, 94, 0, 31, 0, 27, 0, 41, 0, 0],spread
128,4,5,[0, 39, 0, 1, 17, 228, 0, 119, 0, 85, 0, 69, 1, 121, 0, 36, 0, 28, 0, 37, 0, 0],spread
128,4,5,[0, 39, 0, 1, 17, 142, 0, 66, 0, 81, 0, 79, 1, 125, 0, 36, 0, 27, 0, 30, 0, 0],spread
128,4,5,[0, 39, 0, 1, 17, 234, 0, 61, 0, 84, 0, 81, 1, 131, 0, 35, 0, 23, 0, 42, 0, 0],spread
128,4,5,[0, 39, 0, 1, 17, 234, 0, 111, 0, 82, 0, 115, 1, 130, 0, 35, 0, 23, 0, 42, 0, 0],spread
128,4,5,[0, 39, 0, 1, 17, 2, 1, 124, 0, 74, 0, 114, 1, 132, 0, 36, 0, 27, 0, 47, 0, 0],spread
128,4,5,[0, 39, 0, 1, 17, 10, 1, 127, 0, 67, 0, 109, 1, 118, 0, 34, 0, 29, 0, 50, 0, 0],spread
128,4,5,[0, 39, 0, 1, 17, 21, 1, 135, 0, 65, 0, 107, 1, 126, 0, 32, 0, 31, 0, 57, 0, 0],spread
128,4,5,[0, 39, 0, 1, 17, 46, 1, 137, 0, 70, 0, 128, 1, 127, 0, 31, 0, 32, 0, 53, 0, 0],spread
128,4,5,[0, 39, 0, 1, 17, 126, 1, 106, 0, 101, 0, 208, 1, 153, 0, 38, 0, 36, 0, 59, 0, 0],spread
128,4,5,[0, 39, 0, 1, 17, 119, 1, 95, 0, 113, 0, 202, 1, 165, 0, 39, 0, 33, 0, 55, 0, 0],spread
128,4,5,[0, 39, 0, 1, 17, 135, 1, 98, 0, 116, 0, 190, 1, 166, 0, 38, 0, 29, 0, 58, 0, 0],spread
128,4,5,[0, 39, 0, 1, 17, 133, 1, 87, 0, 117, 0, 199, 1, 159, 0, 38, 0, 27, 0, 54, 0, 0],spread
128,4,5,[0, 39, 0, 1, 17, 115, 1, 97, 0, 115, 0, 200, 1, 160, 0, 39, 0, 30, 0, 61, 0, 0],spread
128,4,5,[0, 28, 0, 1, 20, 5, 221, 16, 252, 167, 222, 198, 41, 242, 251, 110, 252, 148, 3, 158, 250, 154, 8, 120, 0],spread
128,4,5,[0, 28, 0, 1, 20, 102, 221, 136, 251, 72, 221, 232, 40, 142, 251, 151, 252, 78, 3, 28, 250, 149, 7, 73, 2],spread
128,4,5,[0, 28, 0, 1, 20, 113, 221, 50, 251, 237, 219, 184, 39, 218, 250, 94, 251, 148, 2, 148, 248, 233, 5, 240, 3],spread
128,4,5,[0, 28, 0, 1, 20, 74, 221, 217, 250, 207, 218, 126, 38, 207, 250, 149, 250, 36, 2, 74, 249, 155, 4, 249, 4],spread
128,4,5,[0, 28, 0, 1, 20, 29, 221, 100, 250, 255, 217, 117, 37, 71, 251, 231, 250, 157, 1, 120, 251, 217, 3, 100, 5],spread
128,4,5,[0, 28, 0, 1, 20, 233, 220, 218, 249, 82, 217, 123, 36, 27, 251, 164, 251, 105, 1, 62, 252, 142, 3, 100, 5],spread
128,4,5,[0, 28, 0, 1, 20, 161, 220, 81, 249, 171, 216, 103, 35, 126, 250, 142, 252, 38, 1, 210, 251, 44, 3, 113, 5],spread
128,4,5,[0, 28, 0, 1, 20, 52, 220, 235, 248, 3, 216, 35, 34, 253, 249, 9, 253, 68, 1, 139, 250, 117, 2, 197, 5],spread
128,4,5,[0, 28, 0, 1, 20, 183, 219, 198, 248, 80, 215, 190, 32, 223, 249, 209, 252, 183, 0, 53, 249, 181, 1, 210, 5],spread
128,4,5,[0, 28, 0, 1, 20, 45, 219, 194, 248, 168, 214, 71, 31, 216, 249, 230, 252, 69, 0, 165, 248, 13, 1, 195, 5],spread
128,4,5,[0, 28, 0, 1, 20, 159, 218, 207, 248, 18, 214, 210, 29, 14, 250, 68, 253, 59, 0, 167, 248, 150, 0, 155, 5],spread
128,4,5,[0, 28, 0, 1, 20, 7, 218, 248, 248, 145, 213, 92, 28, 175, 249, 168, 253, 77, 0, 113, 248, 236, 255, 78, 5],spread
128,4,5,[0, 28, 0, 1, 20, 97, 217, 66, 249, 39, 213, 229, 26, 90, 249, 164, 253, 11, 0, 48, 248, 23, 255, 11, 5],spread
128,4,5,[0, 28, 0, 1, 20, 182, 216, 164, 249, 218, 212, 129, 25, 60, 249, 90, 253, 238, 255, 109, 248, 91, 254, 149, 4],spread
128,4,5,[0, 28, 0, 1, 20, 20, 216, 252, 249, 176, 212, 76, 24, 68, 249, 35, 253, 244, 255, 148, 249, 0, 254, 43, 4],spread
128,4,5,[0, 28, 0, 1, 20, 120, 215, 84, 250, 157, 212, 54, 23, 32, 249, 196, 252, 115, 0, 57, 250, 199, 253, 245, 3],spread
128,4,5,[0, 28, 0, 1, 20, 215, 214, 144, 250, 173, 212, 66, 22, 255, 248, 174, 252, 178, 0, 93, 251, 127, 253, 26, 4],spread
128,4,5,[0, 28, 0, 1, 20, 51, 214, 163, 250, 213, 212, 96, 21, 1, 249, 10, 253, 153, 0, 102, 252, 75, 253, 107, 4],spread
128,4,5,[0, 28, 0, 1, 20, 135, 213, 152, 250, 24, 213, 140, 20, 150, 248, 66, 253, 164, 0, 55, 253, 243, 252, 176, 4],spread
128,4,5,[0, 28, 0, 1, 20, 224, 212, 96, 250, 110, 213, 208, 19, 108, 248, 190, 253, 91, 0, 109, 254, 211, 252, 213, 4],spread
128,4,5,[0, 28, 0, 1, 20, 61, 212, 16, 250, 205, 213, 28, 19, 71, 248, 145, 254, 87, 0, 240, 254, 204, 252, 184, 4],spread
128,4,5,[0, 28, 0, 1, 20, 154, 211, 206, 249, 51, 214, 107, 18, 212, 248, 240, 254, 148, 0, 197, 254, 185, 252, 124, 4],spread
128,4,5,[0, 28, 0, 1, 20, 239, 210, 158, 249, 165, 214, 186, 17, 191, 248, 27, 255, 174, 0, 142, 254, 76, 252, 75, 4],spread
128,4,5,[0, 28, 0, 1, 20, 64, 210, 122, 249, 25, 215, 247, 16, 164, 247, 109, 255, 177, 0, 30, 254, 254, 251, 59, 4],spread
128,4,5,[0, 28, 0, 1, 20, 142, 209, 120, 249, 149, 215, 53, 16, 233, 247, 10, 255, 184, 0, 170, 253, 152, 251, 34, 4],spread
128,4,5,[0, 28, 0, 1, 20, 219, 208, 151, 249, 32, 216, 147, 15, 173, 249, 173, 254, 25, 1, 178, 253, 96, 251, 153, 3],spread
128,4,5,[0, 28, 0, 1, 20, 54, 208, 193, 249, 179, 216, 33, 15, 158, 250, 51, 254, 96, 1, 74, 254, 124, 251, 247, 2],spread
128,4,5,[0, 28, 0, 1, 20, 151, 207, 192, 249, 90, 217, 214, 14, 18, 249, 231, 254, 43, 2, 135, 255, 124, 251, 128, 2],spread
128,4,5,[0, 28, 0, 1, 20, 239, 206, 169, 249, 17, 218, 123, 14, 253, 248, 221, 255, 101, 2, 160, 255, 64, 251, 172, 2],spread
128,4,5,[0, 28, 0, 1, 20, 60, 206, 176, 249, 194, 218, 226, 13, 240, 248, 183, 0, 100, 2, 35, 254, 17, 251, 246, 2],spread
128,4,5,[0, 28, 0, 1, 20, 136, 205, 245, 249, 105, 219, 45, 13, 196, 249, 198, 255, 38, 2, 220, 252, 235, 250, 62, 3],spread
128,4,5,[0, 28, 0, 1, 20, 214, 204, 59, 250, 36, 220, 158, 12, 231, 249, 41, 255, 254, 2, 131, 253, 223, 250, 243, 2],spread
128,4,5,[0, 28, 0, 1, 20, 46, 204, 97, 250, 226, 220, 23, 12, 226, 248, 12, 255, 47, 3, 67, 254, 218, 250, 51, 3],spread
128,4,5,[0, 28, 0, 1, 20, 132, 203, 128, 250, 159, 221, 98, 11, 8, 249, 242, 255, 237, 2, 168, 253, 187, 250, 185, 3],spread
128,4,5,[0, 28, 0, 1, 20, 215, 202, 225, 250, 88, 222, 143, 10, 107, 250, 230, 255, 41, 2, 40, 252, 104, 250, 152, 3],spread
128,4,5,[0, 28, 0, 1, 20, 40, 202, 111, 251, 29, 223, 185, 9, 90, 251, 90, 0, 13, 2, 61, 251, 19, 250, 248, 2],spread
128,4,5,[0, 28, 0, 1, 20, 115, 201, 41, 252, 234, 223, 188, 8, 186, 250, 27, 1, 186, 2, 207, 249, 214, 249, 221, 2],spread
128,4,5,[0, 28, 0, 1, 20, 175, 200, 109, 253, 201, 224, 114, 7, 70, 250, 134, 0, 187, 2, 174, 246, 21, 249, 96, 3],spread
128,4,5,[0, 28, 0, 1, 20, 233, 199, 253, 254, 201, 225, 5, 6, 210, 250, 214, 255, 167, 2, 3, 245, 65, 248, 88, 3],spread
128,4,5,[0, 28, 0, 1, 20, 48, 199, 135, 0, 233, 226, 185, 4, 129, 251, 1, 0, 173, 2, 135, 245, 209, 247, 186, 2],spread
128,4,5,[0, 28, 0, 1, 20, 136, 198, 63, 2, 35, 228, 126, 3, 97, 252, 184, 254, 204, 3, 232, 244, 140, 247, 8, 2],spread
128,4,5,[0, 28, 0, 1, 20, 234, 197, 101, 3, 119, 229, 135, 2, 45, 252, 82, 255, 226, 4, 94, 248, 114, 247, 250, 1],spread
128,4,5,[0, 28, 0, 1, 20, 71, 197, 42, 4, 243, 230, 195, 1, 207, 252, 89, 255, 219, 4, 205, 250, 195, 246, 206, 1],spread
128,4,5,[0, 28, 0, 1, 20, 171, 196, 234, 4, 136, 232, 26, 1, 12, 253, 250, 255, 41, 4, 19, 251, 68, 246, 49, 1],spread
128,4,5,[0, 28, 0, 1, 20, 28, 196, 172, 5, 42, 234, 158, 0, 171, 253, 55, 255, 202, 4, 116, 251, 70, 246, 81, 0],spread
128,4,5,[0, 28, 0, 1, 20, 152, 195, 81, 6, 210, 235, 70, 0, 211, 253, 17, 255, 83, 5, 68, 252, 85, 246, 199, 255],spread
128,4,5,[0, 28, 0, 1, 20, 35, 195, 36, 7, 138, 237, 252, 255, 79, 254, 81, 255, 97, 5, 90, 251, 34, 246, 34, 255],spread
128,4,5,[0, 28, 0, 1, 20, 197, 194, 71, 8, 78, 239, 202, 255, 201, 254, 46, 255, 158, 5, 197, 249, 36, 246, 30, 254],spread
128,4,5,[0, 28, 0, 1, 20, 122, 194, 115, 9, 28, 241, 187, 255, 54, 255, 57, 254, 111, 6, 196, 249, 45, 246, 92, 253],spread
128,4,5,[0, 28, 0, 1, 20, 59, 194, 126, 10, 239, 242, 202, 255, 117, 255, 173, 253, 212, 6, 157, 250, 62, 246, 232, 252],spread
128,4,5,[0, 28, 0, 1, 20, 9, 194, 108, 11, 195, 244, 240, 255, 86, 0, 248, 253, 191, 6, 50, 251, 104, 246, 142, 252],spread
128,4,5,[0, 28, 0, 1, 20, 238, 193, 113, 12, 148, 246, 53, 0, 246, 0, 147, 253, 23, 7, 199, 250, 182, 246, 218, 251],spread
128,4,5,[0, 28, 0, 1, 20, 233, 193, 127, 13, 91, 248, 150, 0, 87, 1, 78, 253, 49, 7, 144, 250, 29, 247, 73, 251],spread
128,4,5,[0, 28, 0, 1, 20, 252, 193, 161, 14, 18, 250, 8, 1, 221, 1, 0, 253, 102, 7, 14, 250, 156, 247, 247, 250],spread
128,4,5,[0, 28, 0, 1, 20, 46, 194, 234, 15, 179, 251, 148, 1, 55, 2, 131, 252, 68, 7, 33, 249, 53, 248, 115, 250],spread
128,4,5,[0, 28, 0, 1, 20, 128, 194, 93, 17, 66, 253, 65, 2, 251, 2, 69, 252, 210, 6, 35, 248, 218, 248, 210, 249],spread
128,4,5,[0, 28, 0, 1, 20, 236, 194, 215, 18, 184, 254, 7, 3, 77, 3, 65, 252, 31, 7, 195, 247, 129, 249, 111, 249],spread
128,4,5,[0, 28, 0, 1, 20, 124, 195, 120, 20, 22, 0, 226, 3, 223, 2, 204, 250, 27, 7, 208, 246, 3, 250, 13, 249],spread
128,4,5,[0, 28, 0, 1, 20, 31, 196, 7, 22, 111, 1, 212, 4, 109, 3, 251, 250, 45, 7, 245, 246, 74, 250, 152, 248],spread
128,4,5,[0, 28, 0, 1, 20, 226, 196, 168, 23, 180, 2, 218, 5, 31, 4, 132, 250, 91, 7, 68, 246, 205, 250, 81, 248],spread
128,4,5,[0, 28, 0, 1, 20, 199, 197, 96, 25, 227, 3, 228, 6, 50, 5, 223, 247, 107, 7, 169, 245, 58, 251, 107, 248],spread
128,4,5,[0, 28, 0, 1, 20, 111, 198, 95, 26, 253, 4, 219, 7, 89, 5, 35, 248, 121, 7, 197, 249, 242, 251, 213, 248],spread
128,4,5,[0, 28, 0, 1, 20, 229, 198, 230, 26, 2, 6, 175, 8, 69, 5, 188, 249, 249, 6, 119, 252, 101, 252, 170, 249],spread
128,4,5,[0, 28, 0, 1, 20, 123, 199, 153, 27, 21, 7, 122, 9, 236, 5, 113, 248, 102, 6, 117, 251, 129, 252, 117, 250],spread
128,4,5,[0, 28, 0, 1, 20, 9, 200, 54, 28, 246, 7, 57, 10, 89, 6, 170, 247, 231, 6, 201, 251, 77, 253, 9, 251],spread
128,4,5,[0, 28, 0, 1, 20, 129, 200, 196, 28, 133, 8, 198, 10, 214, 5, 67, 247, 201, 6, 50, 252, 47, 254, 105, 252],spread
128,4,5,[0, 28, 0, 1, 20, 9, 201, 141, 29, 184, 8, 55, 11, 150, 5, 225, 245, 175, 6, 245, 250, 48, 255, 138, 253],spread
128,4,5,[0, 28, 0, 1, 20, 142, 201, 93, 30, 146, 8, 176, 11, 66, 5, 75, 244, 183, 6, 197, 250, 193, 0, 207, 253],spread
128,4,5,[0, 28, 0, 1, 20, 222, 201, 215, 30, 33, 8, 47, 12, 66, 4, 128, 244, 53, 7, 56, 252, 71, 2, 33, 254],spread
128,4,5,[0, 28, 0, 1, 20, 8, 202, 24, 31, 120, 7, 178, 12, 31, 4, 160, 245, 93, 7, 0, 253, 169, 3, 229, 254],spread
128,4,5,[0, 28, 0, 1, 20, 60, 202, 111, 31, 141, 6, 53, 13, 93, 4, 229, 244, 74, 7, 95, 252, 226, 4, 163, 255],spread
128,4,5,[0, 28, 0, 1, 20, 101, 202, 174, 31, 116, 5, 192, 13, 89, 4, 228, 243, 73, 7, 239, 252, 6, 6, 246, 255],spread
128,4,5,[0, 28, 0, 1, 20, 87, 202, 129, 31, 75, 4, 86, 14, 55, 4, 85, 244, 108, 7, 80, 255, 64, 7, 92, 0],spread
128,4,5,[0, 28, 0, 1, 20, 27, 202, 254, 30, 11, 3, 228, 14, 26, 4, 175, 245, 56, 7, 53, 1, 31, 8, 249, 0],spread
128,4,5,[0, 28, 0, 1, 20, 219, 201, 100, 30, 172, 1, 110, 15, 105, 4, 125, 246, 230, 6, 145, 1, 217, 8, 117, 1],spread
128,4,5,[0, 28, 0, 1, 20, 151, 201, 172, 29, 57, 0, 249, 15, 121, 4, 60, 247, 172, 6, 11, 2, 112, 9, 185, 1],spread
128,4,5,[0, 28, 0, 1, 20, 85, 201, 218, 28, 181, 254, 138, 16, 77, 4, 116, 247, 109, 6, 115, 2, 2, 10, 204, 1],spread
128,4,5,[0, 28, 0, 1, 20, 34, 201, 251, 27, 25, 253, 39, 17, 31, 4, 154, 247, 55, 6, 117, 2, 173, 10, 196, 1],spread
128,4,5,[0, 28, 0, 1, 20, 247, 200, 253, 26, 118, 251, 213, 17, 165, 3, 143, 247, 8, 6, 0, 3, 51, 11, 129, 1],spread
128,4,5,[0, 28, 0, 1, 20, 208, 200, 211, 25, 232, 249, 157, 18, 48, 3, 204, 247, 199, 5, 255, 3, 77, 11, 217, 0],spread
128,4,5,[0, 28, 0, 1, 20, 180, 200, 127, 24, 113, 248, 133, 19, 62, 3, 253, 247, 242, 5, 235, 4, 125, 11, 27, 0],spread
128,4,5,[0, 28, 0, 1, 20, 163, 200, 253, 22, 8, 247, 139, 20, 60, 3, 84, 248, 142, 5, 229, 5, 220, 11, 130, 255],spread
128,4,5,[0, 28, 0, 1, 20, 173, 200, 100, 21, 164, 245, 175, 21, 6, 3, 229, 248, 72, 5, 70, 6, 65, 12, 200, 254],spread
128,4,5,[0, 28, 0, 1, 20, 217, 200, 200, 19, 63, 244, 233, 22, 121, 2, 107, 249, 229, 4, 41, 6, 145, 12, 29, 254],spread
128,4,5,[0, 28, 0, 1, 20, 39, 201, 47, 18, 217, 242, 44, 24, 72, 2, 221, 249, 12, 5, 221, 5, 196, 12, 174, 253],spread
128,4,5,[0, 28, 0, 1, 20, 156, 201, 168, 16, 103, 241, 113, 25, 254, 1, 217, 249, 4, 5, 63, 5, 6, 13, 76, 253],spread
128,4,5,[0, 28, 0, 1, 20, 55, 202, 53, 15, 233, 239, 180, 26, 137, 1, 2, 250, 53, 5, 129, 4, 65, 13, 251, 252],spread
128,4,5,[0, 28, 0, 1, 20, 241, 202, 210, 13, 99, 238, 235, 27, 51, 1, 45, 250, 208, 4, 233, 3, 88, 13, 223, 252],spread
128,4,5,[0, 28, 0, 1, 20, 193, 203, 107, 12, 222, 236, 22, 29, 4, 1, 102, 250, 163, 4, 214, 3, 108, 13, 229, 252],spread
128,4,5,[0, 28, 0, 1, 20, 162, 204, 255, 10, 93, 235, 47, 30, 194, 0, 251, 250, 133, 4, 182, 3, 116, 13, 15, 253],spread
128,4,5,[0, 28, 0, 1, 20, 150, 205, 169, 9, 210, 233, 33, 31, 65, 0, 107, 251, 76, 4, 211, 2, 89, 13, 101, 253],spread
128,4,5,[0, 28, 0, 1, 20, 156, 206, 129, 8, 50, 232, 231, 31, 166, 255, 180, 251, 17, 4, 105, 1, 39, 13, 162, 253],spread
128,4,5,[0, 28, 0, 1, 20, 176, 207, 136, 7, 139, 230, 132, 32, 41, 255, 197, 251, 182, 3, 37, 0, 186, 12, 207, 253],spread
128,4,5,[0, 28, 0, 1, 20, 198, 208, 173, 6, 228, 228, 245, 32, 173, 254, 178, 251, 175, 3, 69, 255, 68, 12, 59, 254],spread
128,4,5,[0, 28, 0, 1, 20, 224, 209, 220, 5, 77, 227, 84, 33, 221, 253, 46, 251, 136, 3, 28, 255, 217, 11, 86, 254],spread
128,4,5,[0, 28, 0, 1, 20, 250, 210, 244, 4, 224, 225, 183, 33, 156, 253, 16, 251, 100, 3, 255, 255, 115, 11, 108, 254],spread
128,4,5,[0, 28, 0, 1, 20, 18, 212, 223, 3, 163, 224, 44, 34, 158, 253, 85, 251, 20, 3, 106, 1, 61, 11, 138, 254],spread
128,4,5,[0, 28, 0, 1, 20, 49, 213, 190, 2, 137, 223, 171, 34, 55, 253, 234, 251, 152, 2, 21, 2, 224, 10, 86, 254],spread
128,4,5,[0, 28, 0, 1, 20, 82, 214, 177, 1, 129, 222, 33, 35, 254, 252, 154, 252, 16, 2, 226, 1, 91, 10, 34, 254],spread
128,4,5,[0, 28, 0, 1, 20, 116, 215, 203, 0, 122, 221, 126, 35, 175, 252, 240, 252, 190, 1, 10, 1, 220, 9, 252, 253],spread
128,4,5,[0, 28, 0, 1, 20, 148, 216, 16, 0, 106, 220, 183, 35, 87, 252, 6, 253, 160, 1, 231, 255, 101, 9, 245, 253],spread
128,4,5,[0, 28, 0, 1, 20, 175, 217, 131, 255, 75, 219, 200, 35, 21, 252, 208, 252, 30, 1, 165, 254, 240, 8, 0, 254],spread
128,4,5,[0, 28, 0, 1, 20, 199, 218, 22, 255, 43, 218, 194, 35, 209, 251, 149, 252, 168, 0, 243, 253, 133, 8, 238, 253],spread
128,4,5,[0, 28, 0, 1, 20, 221, 219, 195, 254, 19, 217, 175, 35, 159, 251, 74, 252, 171, 0, 140, 253, 18, 8, 203, 253],spread
128,4,5,[0, 28, 0, 1, 20, 242, 220, 128, 254, 7, 216, 153, 35, 127, 251, 15, 252, 104, 0, 119, 253, 185, 7, 165, 253],spread
128,4,5,[0, 28, 0, 1, 20, 9, 222, 73, 254, 7, 215, 129, 35, 150, 251, 0, 252, 36, 0, 113, 253, 120, 7, 127, 253],spread
128,4,5,[0, 28, 0, 1, 20, 33, 223, 33, 254, 19, 214, 107, 35, 172, 251, 69, 252, 9, 0, 106, 253, 45, 7, 56, 253],spread
128,4,5,[0, 28, 0, 1, 20, 65, 224, 23, 254, 22, 213, 66, 35, 101, 251, 72, 252, 146, 255, 191, 252, 253, 6, 221, 252],spread
128,4,5,[0, 28, 0, 1, 20, 99, 225, 30, 254, 32, 212, 20, 35, 176, 251, 78, 252, 102, 255, 140, 252, 202, 6, 171, 252],spread
128,4,5,[0, 28, 0, 1, 20, 136, 226, 54, 254, 54, 211, 232, 34, 253, 251, 16, 252, 58, 255, 147, 252, 123, 6, 102, 252],spread
128,4,5,[0, 28, 0, 1, 20, 186, 227, 110, 254, 79, 210, 188, 34, 205, 251, 108, 251, 230, 254, 72, 252, 72, 6, 199, 251],spread
128,4,5,[0, 28, 0, 1, 20, 254, 228, 160, 254, 122, 209, 166, 34, 76, 252, 116, 251, 186, 254, 51, 253, 55, 6, 124, 251],spread
128,4,5,[0, 28, 0, 1, 20, 76, 230, 209, 254, 204, 208, 186, 34, 211, 252, 141, 251, 166, 254, 81, 254, 1, 6, 30, 251],spread
128,4,5,[0, 28, 0, 1, 20, 154, 231, 21, 255, 47, 208, 214, 34, 119, 252, 187, 251, 152, 254, 122, 254, 183, 5, 112, 250],spread
128,4,5,[0, 28, 0, 1, 20, 246, 232, 131, 255, 148, 207, 240, 34, 24, 253, 60, 251, 69, 254, 42, 254, 89, 5, 236, 249],spread
128,4,5,[0, 28, 0, 1, 20, 83, 234, 11, 0, 15, 207, 23, 35, 98, 253, 12, 251, 6, 254, 38, 254, 28, 5, 81, 249],spread
128,4,5,[0, 28, 0, 1, 20, 176, 235, 154, 0, 159, 206, 73, 35, 215, 253, 29, 251, 41, 254, 134, 254, 229, 4, 29, 249],spread
128,4,5,[0, 28, 0, 1, 20, 17, 237, 60, 1, 72, 206, 142, 35, 134, 254, 230, 249, 202, 253, 0, 255, 136, 4, 188, 248],spread
128,4,5,[0, 28, 0, 1, 20, 147, 238, 253, 1, 7, 206, 239, 35, 32, 254, 199, 249, 134, 253, 144, 255, 148, 4, 138, 247],spread
128,4,5,[0, 28, 0, 1, 20, 40, 240, 189, 2, 232, 205, 114, 36, 122, 254, 200, 249, 201, 253, 132, 0, 201, 4, 22, 247],spread
128,4,5,[0, 28, 0, 1, 20, 177, 241, 131, 3, 231, 205, 1, 37, 21, 255, 218, 249, 4, 254, 15, 1, 85, 4, 13, 247],spread
128,4,5,[0, 28, 0, 1, 20, 43, 243, 94, 4, 253, 205, 145, 37, 181, 255, 3, 249, 165, 253, 75, 1, 180, 3, 240, 246],spread
128,4,5,[0, 28, 0, 1, 20, 179, 244, 59, 5, 67, 206, 78, 38, 85, 0, 165, 248, 144, 253, 170, 2, 193, 3, 118, 246],spread
128,4,5,[0, 28, 0, 1, 20, 75, 246, 34, 6, 179, 206, 42, 39, 99, 0, 127, 248, 22, 253, 194, 3, 208, 3, 221, 245],spread
128,4,5,[0, 28, 0, 1, 20, 216, 247, 20, 7, 46, 207, 243, 39, 202, 0, 60, 249, 62, 253, 152, 3, 106, 3, 216, 245],spread
128,4,5,[0, 28, 0, 1, 20, 59, 249, 11, 8, 153, 207, 136, 40, 212, 1, 56, 248, 155, 253, 136, 2, 145, 2, 148, 246],spread
128,4,5,[0, 28, 0, 1, 20, 136, 250, 13, 9, 11, 208, 10, 41, 55, 2, 124, 247, 97, 253, 95, 2, 252, 1, 194, 246],spread
128,4,5,[0, 28, 0, 1, 20, 173, 251, 12, 10, 205, 208, 209, 41, 187, 1, 71, 247, 162, 253, 195, 4, 122, 1, 215, 246],spread
128,4,5,[0, 28, 0, 1, 20, 182, 252, 50, 11, 194, 209, 174, 42, 216, 2, 97, 247, 77, 253, 244, 5, 121, 0, 130, 246],spread
128,4,5,[0, 28, 0, 1, 20, 188, 253, 135, 12, 204, 210, 123, 43, 27, 3, 70, 248, 251, 253, 232, 5, 169, 255, 181, 245],spread
128,4,5,[0, 28, 0, 1, 20, 146, 254, 223, 13, 220, 211, 50, 44, 234, 3, 104, 246, 132, 254, 209, 5, 201, 254, 93, 246],spread
128,4,5,[0, 28, 0, 1, 20, 51, 255, 54, 15, 38, 213, 7, 45, 181, 3, 43, 247, 101, 254, 117, 7, 44, 254, 212, 246],spread
128,4,5,[0, 28, 0, 1, 20, 150, 255, 161, 16, 197, 214, 9, 46, 223, 2, 116, 249, 189, 255, 158, 9, 29, 253, 248, 246],spread
128,4,5,[0, 28, 0, 1, 20, 244, 255, 48, 18, 42, 216, 172, 46, 220, 4, 169, 248, 53, 255, 120, 7, 0, 252, 9, 247],spread
128,4,5,[0, 28, 0, 1, 20, 112, 0, 214, 19, 118, 217, 21, 47, 49, 6, 9, 247, 151, 0, 252, 5, 160, 251, 101, 246],spread
128,4,5,[0, 28, 0, 1, 20, 157, 0, 94, 21, 8, 219, 171, 47, 121, 5, 108, 245, 123, 0, 75, 8, 106, 251, 81, 247],spread
128,4,5,[0, 28, 0, 1, 20, 88, 0, 205, 22, 248, 220, 119, 48, 87, 4, 114, 247, 8, 0, 102, 11, 212, 250, 195, 248],spread
128,4,5,[0, 28, 0, 1, 20, 239, 255, 76, 24, 213, 222, 11, 49, 217, 4, 125, 249, 201, 255, 187, 10, 187, 249, 117, 249],spread
128,4,5,[0, 28, 0, 1, 20, 180, 255, 228, 25, 81, 224, 54, 49, 110, 6, 64, 250, 240, 0, 95, 7, 235, 248, 104, 249],spread
128,4,5,[0, 28, 0, 1, 20, 130, 255, 107, 27, 98, 225, 14, 49, 17, 7, 175, 248, 97, 1, 155, 4, 140, 248, 67, 250],spread
128,4,5,[0, 28, 0, 1, 20, 28, 255, 211, 28, 97, 226, 219, 48, 229, 6, 135, 247, 63, 1, 178, 4, 108, 248, 118, 251],spread
128,4,5,[0, 28, 0, 1, 20, 149, 254, 59, 30, 132, 227, 171, 48, 151, 6, 196, 248, 151, 0, 177, 5, 37, 248, 177, 251],spread
128,4,5,[0, 28, 0, 1, 20, 4, 254, 155, 31, 137, 228, 92, 48, 69, 7, 124, 249, 204, 0, 247, 4, 220, 247, 95, 252],spread
128,4,5,[0, 28, 0, 1, 20, 92, 253, 235, 32, 100, 229, 238, 47, 44, 8, 147, 248, 223, 0, 55, 4, 147, 247, 87, 253],spread
128,4,5,[0, 28, 0, 1, 20, 136, 252, 41, 34, 83, 230, 132, 47, 220, 7, 145, 247, 211, 0, 23, 5, 125, 247, 212, 253],spread
128,4,5,[0, 28, 0, 1, 20, 119, 251, 82, 35, 112, 231, 41, 47, 134, 7, 19, 248, 171, 0, 181, 6, 107, 247, 112, 254],spread
128,4,5,[0, 28, 0, 1, 20, 43, 250, 99, 36, 146, 232, 201, 46, 147, 7, 155, 248, 70, 0, 132, 7, 71, 247, 155, 255],spread
128,4,5,[0, 28, 0, 1, 20, 182, 248, 95, 37, 177, 233, 90, 46, 234, 7, 55, 249, 49, 0, 231, 7, 23, 247, 148, 0],spread
128,4,5,[0, 28, 0, 1, 20, 37, 247, 74, 38, 198, 234, 213, 45, 121, 8, 93, 249, 47, 0, 239, 7, 223, 246, 104, 1],spread
128,4,5,[0, 28, 0, 1, 20, 102, 245, 27, 39, 236, 235, 74, 45, 23, 8, 137, 249, 90, 0, 214, 8, 204, 246, 25, 2],spread
128,4,5,[0, 28, 0, 1, 20, 71, 243, 202, 39, 74, 237, 186, 44, 30, 8, 189, 249, 107, 0, 17, 11, 103, 246, 35, 3],spread
128,4,5,[0, 28, 0, 1, 20, 192, 240, 80, 40, 238, 238, 31, 44, 129, 8, 46, 250, 21, 0, 175, 13, 238, 245, 47, 4],spread
128,4,5,[0, 28, 0, 1, 20, 13, 238, 185, 40, 200, 240, 103, 43, 9, 9, 50, 251, 161, 255, 29, 15, 125, 245, 152, 4],spread
128,4,5,[0, 28, 0, 1, 20, 82, 235, 0, 41, 177, 242, 139, 42, 153, 8, 241, 251, 164, 255, 126, 15, 91, 245, 250, 4],spread
128,4,5,[0, 28, 0, 1, 20, 140, 232, 46, 41, 147, 244, 119, 41, 233, 7, 140, 251, 184, 255, 119, 15, 242, 244, 167, 5],spread
128,4,5,[0, 28, 0, 1, 20, 200, 229, 64, 41, 132, 246, 54, 40, 157, 8, 0, 251, 186, 255, 185, 15, 164, 244, 237, 5],spread
128,4,5,[0, 28, 0, 1, 20, 5, 227, 31, 41, 145, 248, 219, 38, 224, 8, 18, 251, 224, 255, 118, 16, 186, 244, 247, 5],spread
128,4,5,[0, 28, 0, 1, 20, 96, 224, 211, 40, 163, 250, 108, 37, 80, 8, 52, 251, 246, 255, 125, 16, 9, 245, 194, 5],spread
128,4,5,[0, 28, 0, 1, 20, 218, 221, 99, 40, 153, 252, 224, 35, 190, 7, 254, 250, 47, 0, 5, 16, 123, 245, 22, 6],spread
128,4,5,[0, 28, 0, 1, 20, 135, 219, 227, 39, 120, 254, 61, 34, 212, 7, 205, 250, 73, 0, 59, 15, 172, 245, 19, 6],spread
128,4,5,[0, 28, 0, 1, 20, 71, 217, 54, 39, 87, 0, 139, 32, 105, 8, 165, 249, 212, 0, 130, 15, 12, 246, 5, 6],spread
128,4,5,[0, 28, 0, 1, 20, 228, 214, 17, 38, 85, 2, 216, 30, 224, 7, 115, 250, 217, 1, 213, 17, 223, 246, 5, 6],spread
128,4,5,[0, 28, 0, 1, 20, 156, 212, 197, 36, 25, 4, 15, 29, 61, 7, 83, 251, 173, 2, 88, 17, 190, 247, 191, 6],spread
128,4,5,[0, 28, 0, 1, 20, 154, 210, 154, 35, 140, 5, 36, 27, 185, 7, 170, 250, 123, 3, 47, 15, 27, 248, 158, 7],spread
128,4,5,[0, 28, 0, 1, 20, 203, 208, 112, 34, 201, 6, 53, 25, 16, 8, 205, 250, 23, 4, 8, 14, 203, 248, 241, 7],spread
128,4,5,[0, 28, 0, 1, 20, 14, 207, 44, 33, 171, 7, 68, 23, 165, 7, 36, 251, 178, 5, 78, 13, 81, 250, 201, 8],spread
128,4,5,[0, 28, 0, 1, 20, 110, 205, 233, 31, 54, 8, 71, 21, 157, 7, 246, 250, 86, 6, 69, 12, 143, 251, 195, 9],spread
128,4,5,[0, 35, 0, 2, 6, 3, 0, 0, 0, 0, 0],spread
128,4,5,[0, 39, 0, 1, 17, 32, 0, 32, 0, 157, 0, 76, 1, 138, 0, 23, 0, 20, 0, 19, 0, 0],spread
128,4,5,[0, 39, 0, 1, 17, 29, 0, 34, 0, 159, 0, 119, 1, 136, 0, 27, 0, 20, 0, 17, 0, 0],spread
128,4,5,[0, 39, 0, 1, 17, 26, 0, 35, 0, 168, 0, 123, 1, 144, 0, 33, 0, 20, 0, 15, 0, 0],spread
128,4,5,[0, 39, 0, 1, 17, 23, 0, 35, 0, 171, 0, 145, 1, 145, 0, 43, 0, 21, 0, 18, 0, 0],spread
128,4,5,[0, 39, 0, 1, 17, 23, 0, 35, 0, 175, 0, 145, 1, 141, 0, 43, 0, 21, 0, 19, 0, 0],spread
128,4,5,[0, 39, 0, 1, 17, 23, 0, 33, 0, 151, 0, 114, 1, 137, 0, 42, 0, 21, 0, 18, 0, 0],spread
128,4,5,[0, 39, 0, 1, 17, 24, 0, 31, 0, 146, 0, 118, 1, 138, 0, 41, 0, 19, 0, 19, 0, 0],spread
128,4,5,[0, 39, 0, 1, 17, 97, 0, 36, 0, 168, 0, 112, 1, 112, 0, 38, 0, 19, 0, 34, 0, 0],spread
128,4,5,[0, 39, 0, 1, 17, 108, 0, 40, 0, 154, 0, 95, 1, 91, 0, 27, 0, 20, 0, 34, 0, 0],spread
128,4,5,[0, 39, 0, 1, 17, 114, 0, 40, 0, 155, 0, 163, 1, 91, 0, 26, 0, 19, 0, 35, 0, 0],spread
128,4,5,[0, 39, 0, 1, 17, 117, 0, 40, 0, 146, 0, 168, 1, 92, 0, 24, 0, 18, 0, 36, 0, 0],spread
128,4,5,[0, 39, 0, 1, 17, 119, 0, 40, 0, 143, 0, 122, 1, 98, 0, 26, 0, 19, 0, 37, 0, 0],spread
128,4,5,[0, 39, 0, 1, 17, 107, 0, 38, 0, 98, 0, 90, 1, 87, 0, 21, 0, 20, 0, 33, 0, 0],spread
128,4,5,[0, 39, 0, 1, 17, 143, 0, 34, 0, 85, 0, 90, 1, 90, 0, 21, 0, 20, 0, 41, 0, 0],spread
128,4,5,[0, 39, 0, 1, 17, 142, 0, 35, 0, 65, 0, 239, 0, 87, 0, 22, 0, 22, 0, 42, 0, 0],spread
128,4,5,[0, 39, 0, 1, 17, 157, 0, 38, 0, 63, 0, 220, 0, 85, 0, 24, 0, 24, 0, 42, 0, 0],spread
128,4,5,[0, 39, 0, 1, 17, 165, 0, 46, 0, 64, 0, 215, 0, 86, 0, 21, 0, 24, 0, 43, 0, 0],spread
128,4,5,[0, 39, 0, 1, 17, 150, 0, 47, 0, 60, 0, 226, 0, 98, 0, 23, 0, 22, 0, 38, 0, 0],spread
128,4,5,[0, 39, 0, 1, 17, 175, 0, 51, 0, 69, 0, 231, 0, 104, 0, 25, 0, 22, 0, 34, 0, 0],spread
128,4,5,[0, 39, 0, 1, 17, 185, 0, 51, 0, 62, 0, 234, 0, 103, 0, 24, 0, 21, 0, 35, 0, 0],spread
128,4,5,[0, 39, 0, 1, 17, 177, 0, 53, 0, 61, 0, 3, 1, 106, 0, 23, 0, 21, 0, 40, 0, 0],spread
128,4,5,[0, 39, 0, 1, 17, 170, 0, 54, 0, 61, 0, 1, 1, 126, 0, 25, 0, 21, 0, 38, 0, 0],spread
128,4,5,[0, 39, 0, 1, 17, 169, 0, 54, 0, 74, 0, 240, 0, 122, 0, 23, 0, 22, 0, 37, 0, 0],spread
128,4,5,[0, 39, 0, 1, 17, 126, 0, 57, 0, 71, 0, 242, 0, 113, 0, 21, 0, 21, 0, 39, 0, 0],spread
128,4,5,[0, 39, 0, 1, 17, 111, 0, 57, 0, 70, 0, 13, 1, 118, 0, 21, 0, 20, 0, 37, 0, 0],spread
128,4,5,[0, 39, 0, 1, 17, 116, 0, 68, 0, 85, 0, 42, 1, 142, 0, 24, 0, 21, 0, 35, 0, 0],spread
128,4,5,[0, 39, 0, 1, 17, 120, 0, 66, 0, 123, 0, 86, 1, 128, 0, 29, 0, 21, 0, 37, 0, 0],spread
128,4,5,[0, 39, 0, 1, 17, 153, 0, 135, 0, 128, 0, 143, 1, 133, 0, 29, 0, 23, 0, 46, 0, 0],spread
128,4,5,[0, 39, 0, 1, 17, 190, 0, 146, 0, 127, 0, 140, 1, 137, 0, 31, 0, 24, 0, 57, 0, 0],spread
128,4,5,[0, 39, 0, 1, 17, 239, 0, 153, 0, 126, 0, 221, 1, 144, 0, 32, 0, 26, 0, 64, 0, 0],spread
128,4,5,[0, 39, 0, 1, 17, 252, 0, 154, 0, 130, 0, 226, 1, 127, 0, 31, 0, 26, 0, 64, 0, 0],spread
128,4,5,[0, 39, 0, 1, 17, 253, 0, 158, 0, 120, 0, 228, 1, 119, 0, 30, 0, 26, 0, 67, 0, 0],spread
128,4,5,[0, 39, 0, 1, 17, 2, 1, 153, 0, 128, 0, 241, 1, 123, 0, 31, 0, 25, 0, 67, 0, 0],spread
128,4,5,[0, 39, 0, 1, 17, 237, 0, 155, 0, 135, 0, 31, 2, 137, 0, 36, 0, 27, 0, 63, 0, 0],spread
128,4,5,[0, 39, 0, 1, 17, 248, 0, 160, 0, 146, 0, 25, 2, 136, 0, 39, 0, 26, 0, 62, 0, 0],spread
128,4,5,[0, 39, 0, 1, 17, 255, 0, 156, 0, 145, 0, 34, 2, 130, 0, 38, 0, 26, 0, 60, 0, 0],spread
128,4,5,[0, 39, 0, 1, 17, 7, 1, 161, 0, 132, 0, 24, 2, 138, 0, 38, 0, 25, 0, 59, 0, 0],spread
128,4,5,[0, 39, 0, 1, 17, 60, 1, 167, 0, 142, 0, 34, 2, 132, 0, 39, 0, 27, 0, 67, 0, 0],spread
128,4,5,[0, 39, 0, 1, 17, 74, 1, 159, 0, 146, 0, 79, 2, 128, 0, 35, 0, 26, 0, 60, 0, 0],spread
128,4,5,[0, 39, 0, 1, 17, 86, 1, 157, 0, 143, 0, 56, 2, 134, 0, 31, 0, 24, 0, 56, 0, 0],spread
128,4,5,[0, 39, 0, 1, 17, 112, 1, 170, 0, 151, 0, 31, 2, 169, 0, 33, 0, 27, 0, 61, 0, 0],spread
128,4,5,[0, 28, 0, 1, 20, 37, 219, 100, 249, 69, 209, 152, 22, 119, 249, 46, 253, 173, 253, 235, 255, 203, 5, 37, 255],spread
128,4,5,[0, 28, 0, 1, 20, 255, 219, 26, 249, 163, 208, 145, 22, 55, 249, 82, 253, 55, 253, 122, 0, 43, 5, 11, 255],spread
128,4,5,[0, 28, 0, 1, 20, 192, 220, 205, 248, 31, 208, 146, 22, 2, 249, 175, 253, 120, 253, 198, 0, 161, 4, 4, 255],spread
128,4,5,[0, 28, 0, 1, 20, 121, 221, 126, 248, 185, 207, 190, 22, 35, 249, 23, 253, 119, 253, 166, 1, 33, 4, 250, 254],spread
128,4,5,[0, 28, 0, 1, 20, 66, 222, 44, 248, 102, 207, 28, 23, 115, 249, 230, 252, 27, 253, 189, 2, 238, 3, 118, 254],spread
128,4,5,[0, 28, 0, 1, 20, 2, 223, 207, 247, 44, 207, 152, 23, 18, 249, 152, 253, 110, 253, 133, 3, 196, 3, 244, 253],spread
128,4,5,[0, 28, 0, 1, 20, 175, 223, 133, 247, 249, 206, 1, 24, 251, 248, 155, 253, 84, 253, 5, 3, 76, 3, 243, 253],spread
128,4,5,[0, 28, 0, 1, 20, 89, 224, 94, 247, 200, 206, 112, 24, 74, 249, 194, 252, 61, 253, 169, 2, 221, 2, 194, 253],spread
128,4,5,[0, 28, 0, 1, 20, 6, 225, 56, 247, 174, 206, 10, 25, 157, 249, 179, 252, 67, 253, 153, 3, 142, 2, 91, 253],spread
128,4,5,[0, 28, 0, 1, 20, 170, 225, 1, 247, 177, 206, 195, 25, 60, 249, 144, 252, 131, 253, 115, 4, 86, 2, 83, 253],spread
128,4,5,[0, 28, 0, 1, 20, 69, 226, 196, 246, 207, 206, 151, 26, 68, 249, 136, 252, 163, 253, 41, 5, 237, 1, 71, 253],spread
128,4,5,[0, 28, 0, 1, 20, 229, 226, 128, 246, 9, 207, 151, 27, 177, 249, 80, 252, 216, 253, 52, 6, 172, 1, 31, 253],spread
128,4,5,[0, 28, 0, 1, 20, 133, 227, 61, 246, 98, 207, 190, 28, 153, 249, 80, 252, 216, 253, 6, 7, 106, 1, 228, 252],spread
128,4,5,[0, 28, 0, 1, 20, 33, 228, 4, 246, 197, 207, 228, 29, 170, 249, 242, 252, 252, 253, 255, 6, 38, 1, 187, 252],spread
128,4,5,[0, 28, 0, 1, 20, 170, 228, 215, 245, 27, 208, 219, 30, 189, 249, 36, 253, 62, 254, 37, 6, 226, 0, 133, 252],spread
128,4,5,[0, 28, 0, 1, 20, 47, 229, 212, 245, 102, 208, 191, 31, 216, 249, 178, 252, 83, 254, 72, 5, 135, 0, 32, 252],spread
128,4,5,[0, 28, 0, 1, 20, 191, 229, 254, 245, 161, 208, 154, 32, 26, 250, 60, 252, 74, 254, 152, 4, 85, 0, 135, 251],spread
128,4,5,[0, 28, 0, 1, 20, 76, 230, 54, 246, 216, 208, 104, 33, 61, 250, 140, 252, 108, 254, 60, 4, 59, 0, 57, 251],spread
128,4,5,[0, 28, 0, 1, 20, 207, 230, 149, 246, 2, 209, 32, 34, 168, 250, 94, 252, 146, 254, 83, 3, 210, 255, 7, 251],spread
128,4,5,[0, 28, 0, 1, 20, 81, 231, 36, 247, 32, 209, 206, 34, 210, 250, 198, 251, 99, 254, 173, 2, 74, 255, 124, 250],spread
128,4,5,[0, 28, 0, 1, 20, 211, 231, 201, 247, 71, 209, 131, 35, 185, 250, 56, 251, 82, 254, 192, 2, 222, 254, 37, 250],spread
128,4,5,[0, 28, 0, 1, 20, 82, 232, 125, 248, 131, 209, 78, 36, 148, 251, 36, 251, 127, 254, 58, 3, 111, 254, 21, 250],spread
128,4,5,[0, 28, 0, 1, 20, 199, 232, 80, 249, 211, 209, 37, 37, 44, 252, 134, 250, 206, 254, 18, 3, 249, 253, 190, 249],spread
128,4,5,[0, 28, 0, 1, 20, 51, 233, 51, 250, 44, 210, 251, 37, 60, 252, 47, 250, 197, 254, 10, 3, 136, 253, 160, 249],spread
128,4,5,[0, 28, 0, 1, 20, 143, 233, 35, 251, 149, 210, 207, 38, 24, 252, 102, 249, 233, 254, 26, 3, 255, 252, 184, 249],spread
128,4,5,[0, 28, 0, 1, 20, 213, 233, 41, 252, 20, 211, 166, 39, 176, 252, 13, 249, 79, 255, 47, 3, 60, 252, 183, 249],spread
128,4,5,[0, 28, 0, 1, 20, 14, 234, 63, 253, 168, 211, 129, 40, 96, 253, 252, 248, 171, 255, 106, 3, 165, 251, 181, 249],spread
128,4,5,[0, 28, 0, 1, 20, 71, 234, 114, 254, 71, 212, 91, 41, 105, 253, 40, 248, 237, 255, 141, 3, 25, 251, 252, 249],spread
128,4,5,[0, 28, 0, 1, 20, 112, 234, 169, 255, 3, 213, 58, 42, 145, 253, 56, 248, 1, 0, 29, 4, 141, 250, 3, 250],spread
128,4,5,[0, 28, 0, 1, 20, 129, 234, 235, 0, 213, 213, 18, 43, 159, 254, 253, 248, 68, 0, 44, 4, 251, 249, 107, 250],spread
128,4,5,[0, 28, 0, 1, 20, 104, 234, 48, 2, 155, 214, 184, 43, 215, 254, 139, 248, 50, 1, 242, 2, 127, 249, 167, 250],spread
128,4,5,[0, 28, 0, 1, 20, 85, 234, 145, 3, 66, 215, 52, 44, 90, 254, 68, 248, 79, 1, 175, 1, 87, 249, 106, 250],spread
128,4,5,[0, 28, 0, 1, 20, 58, 234, 228, 4, 216, 215, 144, 44, 204, 254, 52, 248, 225, 1, 9, 1, 140, 249, 255, 250],spread
128,4,5,[0, 28, 0, 1, 20, 30, 234, 45, 6, 113, 216, 225, 44, 92, 255, 246, 247, 240, 1, 11, 1, 169, 249, 77, 251],spread
128,4,5,[0, 28, 0, 1, 20, 19, 234, 132, 7, 0, 217, 36, 45, 31, 255, 55, 248, 75, 2, 85, 0, 229, 249, 88, 251],spread
128,4,5,[0, 28, 0, 1, 20, 5, 234, 214, 8, 133, 217, 82, 45, 219, 254, 175, 247, 177, 2, 219, 255, 227, 249, 105, 251],spread
128,4,5,[0, 28, 0, 1, 20, 240, 233, 30, 10, 33, 218, 135, 45, 121, 255, 132, 247, 198, 2, 103, 0, 215, 249, 185, 251],spread
128,4,5,[0, 28, 0, 1, 20, 224, 233, 89, 11, 195, 218, 186, 45, 145, 255, 103, 247, 180, 2, 175, 0, 2, 250, 182, 251],spread
128,4,5,[0, 28, 0, 1, 20, 203, 233, 131, 12, 118, 219, 242, 45, 225, 255, 69, 247, 163, 2, 61, 1, 21, 250, 234, 251],spread
128,4,5,[0, 28, 0, 1, 20, 171, 233, 146, 13, 64, 220, 52, 46, 30, 0, 184, 247, 185, 2, 241, 1, 61, 250, 50, 252],spread
128,4,5,[0, 28, 0, 1, 20, 130, 233, 149, 14, 6, 221, 106, 46, 123, 0, 192, 247, 155, 2, 251, 1, 79, 250, 168, 252],spread
128,4,5,[0, 28, 0, 1, 20, 67, 233, 135, 15, 228, 221, 162, 46, 132, 0, 49, 248, 156, 2, 159, 2, 29, 250, 242, 252],spread
128,4,5,[0, 28, 0, 1, 20, 235, 232, 108, 16, 228, 222, 224, 46, 240, 0, 22, 248, 179, 2, 128, 3, 176, 249, 2, 253],spread
128,4,5,[0, 28, 0, 1, 20, 170, 232, 88, 17, 222, 223, 25, 47, 118, 0, 84, 249, 153, 2, 20, 3, 227, 249, 161, 252],spread
128,4,5,[0, 28, 0, 1, 20, 113, 232, 77, 18, 170, 224, 41, 47, 67, 0, 224, 248, 124, 2, 253, 1, 226, 249, 201, 252],spread
128,4,5,[0, 28, 0, 1, 20, 52, 232, 60, 19, 133, 225, 59, 47, 224, 0, 157, 248, 139, 2, 95, 2, 228, 249, 1, 253],spread
128,4,5,[0, 28, 0, 1, 20, 223, 231, 25, 20, 168, 226, 108, 47, 14, 1, 26, 249, 154, 2, 250, 3, 132, 249, 199, 252],spread
128,4,5,[0, 28, 0, 1, 20, 148, 231, 6, 21, 203, 227, 143, 47, 190, 0, 67, 250, 150, 2, 158, 3, 57, 249, 137, 252],spread
128,4,5,[0, 28, 0, 1, 20, 75, 231, 2, 22, 226, 228, 154, 47, 21, 1, 67, 249, 140, 2, 32, 3, 247, 248, 157, 252],spread
128,4,5,[0, 28, 0, 1, 20, 231, 230, 233, 22, 56, 230, 183, 47, 195, 1, 213, 248, 163, 2, 188, 4, 167, 248, 175, 252],spread
128,4,5,[0, 28, 0, 1, 20, 115, 230, 192, 23, 219, 231, 235, 47, 40, 2, 226, 249, 245, 2, 95, 6, 81, 248, 78, 252],spread
128,4,5,[0, 28, 0, 1, 20, 37, 230, 186, 24, 83, 233, 250, 47, 146, 1, 137, 250, 227, 2, 186, 4, 24, 248, 253, 251],spread
128,4,5,[0, 28, 0, 1, 20, 6, 230, 233, 25, 128, 234, 212, 47, 74, 2, 60, 250, 227, 2, 66, 2, 208, 247, 246, 251],spread
128,4,5,[0, 28, 0, 1, 20, 223, 229, 24, 27, 180, 235, 157, 47, 229, 3, 74, 249, 2, 3, 87, 2, 158, 247, 68, 252],spread
128,4,5,[0, 28, 0, 1, 20, 146, 229, 46, 28, 42, 237, 107, 47, 114, 4, 161, 248, 79, 3, 9, 4, 56, 247, 97, 252],spread
128,4,5,[0, 28, 0, 1, 20, 33, 229, 41, 29, 234, 238, 61, 47, 135, 4, 249, 248, 66, 3, 222, 5, 204, 246, 98, 252],spread
128,4,5,[0, 28, 0, 1, 20, 166, 228, 35, 30, 178, 240, 246, 46, 108, 5, 163, 249, 31, 3, 241, 5, 117, 246, 194, 252],spread
128,4,5,[0, 28, 0, 1, 20, 22, 228, 17, 31, 121, 242, 145, 46, 39, 6, 9, 249, 64, 3, 31, 6, 69, 246, 113, 253],spread
128,4,5,[0, 28, 0, 1, 20, 98, 227, 239, 31, 91, 244, 15, 46, 146, 6, 230, 248, 96, 3, 243, 6, 203, 245, 18, 254],spread
128,4,5,[0, 28, 0, 1, 20, 157, 226, 188, 32, 81, 246, 119, 45, 200, 6, 156, 249, 118, 3, 124, 7, 136, 245, 107, 254],spread
128,4,5,[0, 28, 0, 1, 20, 215, 225, 140, 33, 37, 248, 183, 44, 148, 6, 99, 250, 117, 3, 195, 6, 91, 245, 51, 255],spread
128,4,5,[0, 28, 0, 1, 20, 25, 225, 107, 34, 201, 249, 203, 43, 104, 7, 166, 249, 92, 3, 182, 5, 36, 245, 3, 0],spread
128,4,5,[0, 28, 0, 1, 20, 50, 224, 29, 35, 124, 251, 202, 42, 108, 7, 252, 248, 72, 4, 204, 6, 59, 245, 179, 0],spread
128,4,5,[0, 28, 0, 1, 20, 34, 223, 166, 35, 59, 253, 174, 41, 206, 6, 37, 249, 145, 4, 215, 7, 62, 245, 108, 1],spread
128,4,5,[0, 28, 0, 1, 20, 234, 221, 0, 36, 243, 254, 118, 40, 17, 7, 16, 249, 154, 4, 183, 8, 155, 245, 115, 2],spread
128,4,5,[0, 28, 0, 1, 20, 136, 220, 37, 36, 171, 0, 33, 39, 64, 8, 36, 249, 165, 4, 219, 9, 254, 245, 121, 3],spread
128,4,5,[0, 28, 0, 1, 20, 249, 218, 9, 36, 103, 2, 176, 37, 3, 9, 167, 249, 1, 5, 44, 11, 122, 246, 113, 4],spread
128,4,5,[0, 28, 0, 1, 20, 82, 217, 200, 35, 6, 4, 25, 36, 186, 8, 217, 249, 110, 5, 144, 11, 213, 246, 143, 5],spread
128,4,5,[0, 28, 0, 1, 20, 161, 215, 111, 35, 126, 5, 91, 34, 159, 8, 65, 250, 232, 5, 137, 11, 34, 247, 171, 6],spread
128,4,5,[0, 28, 0, 1, 20, 1, 214, 18, 35, 181, 6, 131, 32, 25, 8, 216, 250, 200, 5, 165, 10, 181, 247, 161, 7],spread
128,4,5,[0, 28, 0, 1, 20, 124, 212, 187, 34, 164, 7, 159, 30, 244, 7, 67, 250, 153, 5, 129, 9, 136, 248, 85, 8],spread
128,4,5,[0, 28, 0, 1, 20, 234, 210, 19, 34, 108, 8, 212, 28, 244, 8, 45, 250, 125, 7, 56, 10, 43, 250, 116, 8],spread
128,4,5,[0, 28, 0, 1, 20, 79, 209, 247, 32, 240, 8, 95, 27, 128, 8, 8, 250, 216, 7, 60, 11, 100, 253, 163, 7],spread
128,4,5,[0, 28, 0, 1, 20, 46, 208, 50, 32, 112, 9, 37, 26, 114, 5, 208, 249, 241, 5, 104, 8, 249, 252, 150, 5],spread
128,4,5,[0, 28, 0, 1, 20, 220, 206, 216, 30, 255, 9, 25, 25, 94, 7, 34, 251, 40, 6, 86, 11, 221, 254, 241, 4],spread
128,4,5,[0, 28, 0, 1, 20, 145, 205, 77, 29, 91, 10, 57, 24, 158, 7, 193, 252, 219, 4, 130, 11, 188, 0, 161, 4],spread
128,4,5,[0, 28, 0, 1, 20, 202, 204, 76, 28, 96, 10, 197, 23, 134, 6, 194, 252, 119, 5, 24, 6, 203, 1, 194, 3],spread
128,4,5,[0, 28, 0, 1, 20, 33, 204, 156, 27, 8, 10, 74, 23, 149, 6, 244, 250, 149, 5, 60, 4, 184, 2, 74, 4],spread
128,4,5,[0, 28, 0, 1, 20, 125, 203, 252, 26, 125, 9, 207, 22, 20, 6, 216, 250, 173, 5, 146, 3, 114, 3, 172, 4],spread
128,4,5,[0, 28, 0, 1, 20, 232, 202, 145, 26, 175, 8, 69, 22, 229, 5, 10, 250, 213, 5, 62, 2, 25, 4, 111, 5],spread
128,4,5,[0, 28, 0, 1, 20, 90, 202, 56, 26, 215, 7, 169, 21, 242, 5, 252, 248, 217, 5, 59, 2, 31, 4, 183, 5],spread
128,4,5,[0, 28, 0, 1, 20, 176, 201, 153, 25, 24, 7, 254, 20, 214, 5, 157, 248, 37, 6, 25, 4, 50, 4, 204, 5],spread
128,4,5,[0, 28, 0, 1, 20, 242, 200, 185, 24, 104, 6, 82, 20, 53, 5, 211, 249, 243, 5, 76, 5, 111, 4, 220, 5],spread
128,4,5,[0, 28, 0, 1, 20, 66, 200, 230, 23, 178, 5, 161, 19, 155, 5, 40, 250, 7, 6, 221, 4, 171, 4, 62, 6],spread
128,4,5,[0, 28, 0, 1, 20, 147, 199, 23, 23, 198, 4, 226, 18, 96, 5, 134, 250, 242, 5, 57, 4, 235, 4, 130, 6],spread
128,4,5,[0, 28, 0, 1, 20, 247, 198, 109, 22, 182, 3, 15, 18, 166, 4, 6, 251, 92, 6, 23, 3, 36, 5, 27, 7],spread
128,4,5,[0, 28, 0, 1, 20, 108, 198, 239, 21, 141, 2, 33, 17, 8, 4, 148, 250, 117, 6, 7, 2, 27, 5, 193, 7],spread
128,4,5,[0, 28, 0, 1, 20, 236, 197, 121, 21, 95, 1, 32, 16, 213, 3, 68, 250, 120, 6, 205, 1, 8, 5, 26, 8],spread
128,4,5,[0, 28, 0, 1, 20, 106, 197, 227, 20, 52, 0, 22, 15, 195, 3, 76, 250, 96, 6, 127, 2, 34, 5, 74, 8],spread
128,4,5,[0, 28, 0, 1, 20, 238, 196, 57, 20, 16, 255, 7, 14, 128, 3, 119, 250, 73, 6, 227, 2, 22, 5, 87, 8],spread
128,4,5,[0, 28, 0, 1, 20, 122, 196, 127, 19, 239, 253, 253, 12, 50, 3, 191, 250, 137, 6, 39, 3, 33, 5, 49, 8],spread
128,4,5,[0, 28, 0, 1, 20, 12, 196, 168, 18, 205, 252, 248, 11, 226, 2, 23, 251, 188, 6, 168, 3, 87, 5, 21, 8],spread
128,4,5,[0, 28, 0, 1, 20, 169, 195, 194, 17, 170, 251, 255, 10, 192, 2, 187, 251, 44, 7, 213, 3, 138, 5, 214, 7],spread
128,4,5,[0, 28, 0, 1, 20, 77, 195, 193, 16, 138, 250, 13, 10, 53, 2, 102, 252, 155, 7, 73, 4, 163, 5, 170, 7],spread
128,4,5,[0, 28, 0, 1, 20, 252, 194, 183, 15, 109, 249, 27, 9, 198, 1, 203, 252, 37, 8, 96, 4, 156, 5, 156, 7],spread
128,4,5,[0, 28, 0, 1, 20, 178, 194, 148, 14, 89, 248, 43, 8, 122, 1, 236, 252, 50, 8, 231, 4, 148, 5, 138, 7],spread
128,4,5,[0, 28, 0, 1, 20, 106, 194, 47, 13, 69, 247, 78, 7, 94, 1, 109, 253, 93, 8, 78, 6, 223, 5, 73, 7],spread
128,4,5,[0, 28, 0, 1, 20, 46, 194, 154, 11, 37, 246, 135, 6, 21, 1, 9, 254, 43, 8, 70, 7, 104, 6, 251, 6],spread
128,4,5,[0, 28, 0, 1, 20, 6, 194, 243, 9, 248, 244, 223, 5, 239, 0, 183, 254, 248, 7, 166, 7, 239, 6, 92, 6],spread
128,4,5,[0, 28, 0, 1, 20, 250, 193, 100, 8, 189, 243, 89, 5, 75, 0, 253, 254, 185, 7, 43, 7, 94, 7, 128, 5],spread
128,4,5,[0, 28, 0, 1, 20, 9, 194, 250, 6, 120, 242, 1, 5, 0, 0, 126, 255, 76, 7, 122, 6, 190, 7, 85, 4],spread
128,4,5,[0, 28, 0, 1, 20, 51, 194, 181, 5, 31, 241, 200, 4, 167, 255, 182, 255, 242, 6, 196, 5, 71, 8, 122, 3],spread
128,4,5,[0, 28, 0, 1, 20, 113, 194, 139, 4, 189, 239, 168, 4, 47, 255, 187, 255, 204, 6, 79, 5, 143, 8, 198, 2],spread
128,4,5,[0, 28, 0, 1, 20, 193, 194, 123, 3, 90, 238, 168, 4, 154, 254, 196, 255, 63, 6, 234, 4, 157, 8, 237, 1],spread
128,4,5,[0, 28, 0, 1, 20, 34, 195, 129, 2, 246, 236, 201, 4, 38, 254, 26, 0, 1, 6, 163, 4, 184, 8, 15, 1],spread
128,4,5,[0, 28, 0, 1, 20, 146, 195, 157, 1, 148, 235, 4, 5, 191, 253, 79, 0, 40, 5, 87, 4, 176, 8, 84, 0],spread
128,4,5,[0, 28, 0, 1, 20, 15, 196, 215, 0, 55, 234, 80, 5, 125, 253, 174, 0, 112, 4, 216, 3, 151, 8, 180, 255],spread
128,4,5,[0, 28, 0, 1, 20, 152, 196, 71, 0, 221, 232, 169, 5, 194, 252, 160, 0, 223, 3, 213, 2, 103, 8, 3, 255],spread
128,4,5,[0, 28, 0, 1, 20, 39, 197, 244, 255, 146, 231, 7, 6, 188, 251, 71, 0, 171, 3, 180, 1, 246, 7, 113, 254],spread
128,4,5,[0, 28, 0, 1, 20, 184, 197, 203, 255, 86, 230, 105, 6, 81, 251, 209, 255, 146, 3, 252, 0, 147, 7, 8, 254],spread
128,4,5,[0, 28, 0, 1, 20, 79, 198, 152, 255, 35, 229, 202, 6, 131, 251, 132, 255, 134, 3, 52, 1, 128, 7, 42, 254],spread
128,4,5,[0, 28, 0, 1, 20, 234, 198, 75, 255, 252, 227, 58, 7, 42, 251, 251, 254, 106, 3, 236, 1, 88, 7, 41, 254],spread
128,4,5,[0, 28, 0, 1, 20, 138, 199, 208, 254, 236, 226, 214, 7, 145, 250, 99, 255, 55, 3, 68, 3, 9, 7, 175, 253],spread
128,4,5,[0, 28, 0, 1, 20, 46, 200, 55, 254, 238, 225, 138, 8, 103, 250, 69, 0, 54, 3, 21, 4, 200, 6, 104, 253],spread
128,4,5,[0, 28, 0, 1, 20, 209, 200, 174, 253, 1, 225, 54, 9, 2, 250, 132, 0, 102, 3, 180, 3, 117, 6, 98, 253],spread
128,4,5,[0, 28, 0, 1, 20, 112, 201, 53, 253, 33, 224, 200, 9, 164, 249, 11, 0, 95, 3, 24, 3, 9, 6, 142, 253],spread
128,4,5,[0, 28, 0, 1, 20, 14, 202, 184, 252, 83, 223, 99, 10, 188, 249, 180, 255, 52, 3, 102, 3, 186, 5, 155, 253],spread
128,4,5,[0, 28, 0, 1, 20, 173, 202, 33, 252, 154, 222, 17, 11, 197, 249, 233, 255, 42, 3, 30, 4, 142, 5, 125, 253],spread
128,4,5,[0, 28, 0, 1, 20, 86, 203, 136, 251, 228, 221, 206, 11, 107, 249, 199, 255, 246, 2, 101, 4, 130, 5, 63, 253],spread
128,4,5,[0, 28, 0, 1, 20, 3, 204, 225, 250, 62, 221, 159, 12, 14, 249, 103, 255, 20, 3, 6, 5, 98, 5, 55, 253],spread
128,4,5,[0, 28, 0, 1, 20, 186, 204, 52, 250, 163, 220, 137, 13, 254, 248, 58, 255, 245, 2, 133, 5, 83, 5, 223, 252],spread
128,4,5,[0, 28, 0, 1, 20, 127, 205, 92, 249, 29, 220, 160, 14, 106, 249, 140, 254, 217, 2, 241, 6, 56, 5, 165, 252],spread
128,4,5,[0, 28, 0, 1, 20, 88, 206, 97, 248, 171, 219, 226, 15, 169, 249, 172, 255, 110, 2, 51, 8, 48, 5, 36, 252],spread
128,4,5,[0, 28, 0, 1, 20, 49, 207, 150, 247, 31, 219, 212, 16, 154, 249, 105, 1, 187, 1, 227, 5, 101, 5, 199, 251],spread
128,4,5,[0, 28, 0, 1, 20, 253, 207, 118, 247, 88, 218, 84, 17, 60, 249, 191, 0, 150, 1, 92, 1, 134, 5, 179, 251],spread
128,4,5,[0, 28, 0, 1, 20, 197, 208, 206, 247, 106, 217, 152, 17, 75, 249, 120, 255, 142, 1, 143, 254, 174, 5, 159, 251],spread
128,4,5,[0, 28, 0, 1, 20, 141, 209, 92, 248, 111, 216, 191, 17, 72, 249, 141, 254, 96, 1, 80, 253, 178, 5, 187, 251],spread
128,4,5,[0, 28, 0, 1, 20, 85, 210, 228, 248, 130, 215, 232, 17, 216, 248, 153, 253, 75, 1, 147, 253, 138, 5, 48, 252],spread
128,4,5,[0, 28, 0, 1, 20, 32, 211, 53, 249, 180, 214, 49, 18, 169, 248, 31, 253, 45, 1, 20, 255, 95, 5, 166, 252],spread
128,4,5,[0, 28, 0, 1, 20, 238, 211, 57, 249, 9, 214, 162, 18, 153, 248, 116, 253, 212, 0, 255, 0, 56, 5, 234, 252],spread
128,4,5,[0, 28, 0, 1, 20, 181, 212, 11, 249, 120, 213, 26, 19, 137, 248, 29, 254, 120, 0, 253, 1, 231, 4, 55, 253],spread
128,4,5,[0, 28, 0, 1, 20, 111, 213, 213, 248, 245, 212, 130, 19, 137, 248, 90, 254, 73, 0, 234, 1, 155, 4, 133, 253],spread
128,4,5,[0, 28, 0, 1, 20, 39, 214, 175, 248, 115, 212, 225, 19, 185, 248, 34, 254, 238, 255, 150, 1, 99, 4, 136, 253],spread
128,4,5,[0, 28, 0, 1, 20, 226, 214, 164, 248, 238, 211, 59, 20, 13, 249, 253, 253, 174, 255, 35, 1, 69, 4, 55, 253],spread
